-1 20 0 0.00134237 0.136396
-1 20 5 -0.0121539 0.100478
-1 20 10 -0.00266075 0.0980715
-1 20 15 -0.00666051 0.0909341
-1 20 20 -0.004554 0.098482
-1 20 25 -0.00647448 0.121107
-1 20 30 -0.00235258 0.117206
-1 20 35 -0.00193438 0.119553
-1 20 40 -0.00379748 0.120151
-1 20 45 -0.00791703 0.126762
-1 20 50 -0.0050553 0.126805
-1 20 55 -0.00704051 0.13395
-1 20 60 -0.00761677 0.126623
-1 20 65 -0.00730897 0.125515
-1 20 70 -0.00236333 0.113879
-1 20 75 -0.0155133 0.0963325
-1 20 80 -0.0205853 0.109273
-1 20 85 -0.00812207 0.137158
-1 20 90 0.00121076 0.129407
-1 32 0 0.00772716 0.094129
-1 32 5 0.00230137 0.0697173
-1 32 10 -6.17135e-06 0.0656964
-1 32 15 -0.00166341 0.0664014
-1 32 20 -0.00233122 0.0669237
-1 32 25 -0.00262887 0.0674069
-1 32 30 -0.00286603 0.0711519
-1 32 35 -0.00373644 0.0722641
-1 32 40 -0.00278418 0.0734909
-1 32 45 -0.00182471 0.0743439
-1 32 50 -0.00166756 0.0723389
-1 32 55 -0.000588963 0.070604
-1 32 60 7.47542e-05 0.0715595
-1 32 65 -0.000809932 0.0724634
-1 32 70 -0.00193922 0.0721245
-1 32 75 -0.00249933 0.073139
-1 32 80 -0.00415303 0.0689039
-1 32 85 -0.004564 0.0778338
-1 32 90 -0.00772044 0.0725535
-1 50 0 0.00671405 0.0681261
-1 50 5 0.000818386 0.0492523
-1 50 10 -0.00111718 0.0484562
-1 50 15 -0.00133748 0.0487194
-1 50 20 -0.00132395 0.049225
-1 50 25 -0.00156436 0.0499061
-1 50 30 -0.00144259 0.0501827
-1 50 35 -0.00122533 0.0503096
-1 50 40 -0.00124231 0.0522055
-1 50 45 -0.00107489 0.0524751
-1 50 50 -0.00176033 0.0521754
-1 50 55 -0.00166731 0.0526187
-1 50 60 -0.00152075 0.0532876
-1 50 65 -0.00137981 0.0533219
-1 50 70 -0.00106791 0.0533101
-1 50 75 -0.000370981 0.0539336
-1 50 80 -0.00105575 0.0554913
-1 50 85 -0.00126872 0.0561008
-1 50 90 -0.000354157 0.0563744
-1 100 0 0.00238444 0.0381971
-1 100 5 -0.000191013 0.0315773
-1 100 10 -0.000498643 0.0296559
-1 100 15 -0.000422053 0.0292898
-1 100 20 -0.000130243 0.0289897
-1 100 25 0.000108648 0.0287241
-1 100 30 0.000175173 0.0283449
-1 100 35 0.000155625 0.0281584
-1 100 40 0.000479187 0.0279755
-1 100 45 0.000454955 0.0278934
-1 100 50 0.000782638 0.0276929
-1 100 55 0.00114206 0.0279317
-1 100 60 0.00152625 0.0280895
-1 100 65 0.0013425 0.0298712
-1 100 70 0.00105845 0.0299884
-1 100 75 0.000926133 0.0301542
-1 100 80 0.00040279 0.0309979
-1 100 85 0.00144493 0.0308864
-1 100 90 0.00207954 0.030262
-1 150 0 0.0015057 0.0356313
-1 150 5 -0.000468632 0.0286993
-1 150 10 -0.000497899 0.0277147
-1 150 15 -0.000208013 0.0275166
-1 150 20 0.000223877 0.0275271
-1 150 25 0.000438485 0.0276369
-1 150 30 0.000688378 0.0279752
-1 150 35 0.000711783 0.0281996
-1 150 40 0.000780642 0.0282902
-1 150 45 0.00124793 0.0282135
-1 150 50 0.00147172 0.0280597
-1 150 55 0.00118873 0.0283662
-1 150 60 0.00137642 0.0285619
-1 150 65 0.00133717 0.029748
-1 150 70 0.00152696 0.0302473
-1 150 75 0.00174904 0.0297683
-1 150 80 0.00135314 0.0297607
-1 150 85 0.000812667 0.0300239
-1 150 90 0.000592168 0.0291937
-1 200 0 0.000978861 0.0339764
-1 200 5 -0.000287095 0.0279096
-1 200 10 4.97097e-05 0.027235
-1 200 15 0.000323384 0.0270835
-1 200 20 0.000560689 0.0268934
-1 200 25 0.000732241 0.0267305
-1 200 30 0.000877949 0.026634
-1 200 35 0.000993808 0.0267434
-1 200 40 0.00117131 0.0268707
-1 200 45 0.00121883 0.0268193
-1 200 50 0.0013223 0.0268817
-1 200 55 0.00132029 0.0269967
-1 200 60 0.00134804 0.0269233
-1 200 65 0.00144311 0.0267817
-1 200 70 0.00158057 0.0267543
-1 200 75 0.00170231 0.0268512
-1 200 80 0.00172301 0.0271549
-1 200 85 0.00139461 0.0269109
-1 200 90 0.00105371 0.0267916
-1 250 0 0.000680523 0.0333395
-1 250 5 -0.000483319 0.0283901
-1 250 10 -0.00032904 0.0280277
-1 250 15 -1.03893e-05 0.0270595
-1 250 20 -0.000129145 0.0277969
-1 250 25 0.000209114 0.0267882
-1 250 30 0.000289035 0.0267685
-1 250 35 0.000362234 0.0268164
-1 250 40 0.000335265 0.0269712
-1 250 45 0.000374719 0.0273038
-1 250 50 0.000193832 0.0274817
-1 250 55 0.000302803 0.0276291
-1 250 60 0.000665404 0.027435
-1 250 65 0.000516018 0.0275665
-1 250 70 0.000595799 0.0277656
-1 250 75 0.00039742 0.0280549
-1 250 80 0.000621965 0.0274133
-1 250 85 0.00069948 0.0272888
-1 250 90 0.000646375 0.0267226
