1 20 0 0.00344861 0.180358
1 20 5 0.00815457 0.109736
1 20 10 0.00826693 0.108299
1 20 15 0.0117506 0.115587
1 20 20 0.0233313 0.107524
1 20 25 0.02101 0.103286
1 20 30 0.0199873 0.105765
1 20 35 0.0225951 0.12224
1 20 40 0.0190495 0.179495
1 20 45 0.0213676 0.125831
1 20 50 0.5906 0.634356
1 20 55 -0.540244 0.608885
1 20 60 -0.377725 0.607757
1 20 65 -0.741699 0.599023
1 20 70 -0.378912 0.599533
1 20 75 -0.577223 0.609962
1 20 80 0.109357 0.139446
1 20 85 0 0
1 20 90 -1.02049 0.38821
2 20 0 0 0
2 20 5 0 0
2 20 10 -0.132814 0.032223
2 20 15 0.00978243 0.0603618
2 20 20 0.039815 0.134677
2 20 25 -1.56189 0.572577
2 20 30 0.00789897 0.0763042
2 20 35 -0.0205848 0.117004
2 20 40 0.0187646 0.0776088
2 20 45 0.00630003 0.128997
2 20 50 0.0469021 0.160822
2 20 55 0.066543 0.189552
2 20 60 0.0380845 0.0899436
2 20 65 1.65509 0.657944
2 20 70 1.87637 0.660711
2 20 75 0.312144 0.269841
2 20 80 0.0506382 0.0953242
2 20 85 0 0
2 20 90 0 0
3 20 0 0 0
3 20 5 0 0
3 20 10 -0.137012 0.126332
3 20 15 -0.118218 0.616314
3 20 20 -0.0654799 0.147343
3 20 25 -0.197912 0.203512
3 20 30 -0.0157017 0.12007
3 20 35 0.0453354 0.123857
3 20 40 -0.460348 0.615492
3 20 45 -0.0221385 0.100579
3 20 50 -0.0353453 0.120761
3 20 55 0 0
3 20 60 0 0
3 20 65 -0.0424388 0.242472
3 20 70 0 0
3 20 75 -0.507112 0.113511
3 20 80 0 0
3 20 85 -1.64 0.0208056
3 20 90 -1.81828 0.00498069
4 20 0 0 0
4 20 5 0.0114108 0.112741
4 20 10 0.0119731 0.124088
4 20 15 0.0182866 0.0948731
4 20 20 0.0209547 0.112224
4 20 25 -0.166965 0.102951
4 20 30 0 0
4 20 35 -0.299227 0.659696
4 20 40 0.14494 0.676681
4 20 45 0.862714 0.675247
4 20 50 0 0
4 20 55 0 0
4 20 60 -1.815 0.00600546
4 20 65 -1.815 0.00674542
4 20 70 0 0
4 20 75 -1.74949 0.224265
4 20 80 -3.60379 0.604566
4 20 85 0 0
4 20 90 0 0
5 20 0 0 0
5 20 5 -0.22 0.00555728
5 20 10 0 0
5 20 15 -1.69467 0.249863
5 20 20 0 0
5 20 25 0 0
5 20 30 0 0
5 20 35 -1.27452 0.241547
5 20 40 0.391848 0.222362
5 20 45 0 0
5 20 50 -1.57233 0.243699
5 20 55 -2.00352 0.00115403
5 20 60 0 0
5 20 65 -1.76995 0.245805
5 20 70 -1.76995 0.245805
5 20 75 0 0
5 20 80 -0.448468 0.258762
5 20 85 1.47006 0.252916
5 20 90 -1.82993 0.245821
6 20 0 -1.82993 0.245821
6 20 5 -1.09093 0.252359
6 20 10 -4.41537 0.800903
6 20 15 -1.52689 0.248289
6 20 20 -1.52689 0.248289
6 20 25 -1.295 0.670794
6 20 30 0 0
6 20 35 0.315 0.0530416
6 20 40 0 0
6 20 45 0 0
6 20 50 -1.62 0.0611301
6 20 55 0 0
6 20 60 0 0
6 20 65 -1.49187 0.25175
6 20 70 -0.448468 0.258762
6 20 75 1.47006 0.252916
6 20 80 -1.82993 0.245821
6 20 85 -1.82993 0.245821
6 20 90 0 0
7 20 0 0.0185397 1.05328
7 20 5 0.763695 0.11152
7 20 10 0.75937 0.112174
7 20 15 0.759754 0.116549
7 20 20 0 0
7 20 25 -1.44153 0.0400583
7 20 30 0 0
7 20 35 0 0
7 20 40 -2.14668 0.211558
7 20 45 0 0
7 20 50 0.603856 0.224892
7 20 55 0.603856 0.224892
7 20 60 0 0
7 20 65 0.341527 0.25876
7 20 70 0.341527 0.25876
7 20 75 -1.82993 0.245821
7 20 80 -1.82993 0.245821
7 20 85 -1.82993 0.245821
7 20 90 0 0
1 32 0 0.00327068 0.112512
1 32 5 0.00755657 0.0893361
1 32 10 0.00769383 0.0886237
1 32 15 0.00645735 0.0906508
1 32 20 0.00794273 0.0878815
1 32 25 0.00617823 0.0914258
1 32 30 0.00623799 0.0911057
1 32 35 0.00293719 0.101955
1 32 40 0.000898482 0.110627
1 32 45 0.00790863 0.0846022
1 32 50 0.00897141 0.0899545
1 32 55 -0.00504895 0.110422
1 32 60 0.000686759 0.0896366
1 32 65 0.00103485 0.0886407
1 32 70 0.00812511 0.0733325
1 32 75 0.00691918 0.0709793
1 32 80 0.0116926 0.0613069
1 32 85 0.0132759 0.0612581
1 32 90 0.00298812 0.0552296
2 32 0 0 0
2 32 5 0.00709983 0.0914721
2 32 10 0.0290849 0.0859468
2 32 15 0.0180073 0.079745
2 32 20 0.0110155 0.0808928
2 32 25 0.00905196 0.0823537
2 32 30 0.00896345 0.0825243
2 32 35 -0.00411998 0.106301
2 32 40 0.0103259 0.0816447
2 32 45 0.00826477 0.0827511
2 32 50 0.00832761 0.111762
2 32 55 -0.000676604 0.110795
2 32 60 -0.00156746 0.081784
2 32 65 -0.000610757 0.083061
2 32 70 0.000985627 0.085876
2 32 75 -0.00379457 0.078995
2 32 80 -0.000760128 0.0856925
2 32 85 0.014971 0.0646745
2 32 90 0.00274739 0.0586538
3 32 0 0 0
3 32 5 -0.00124492 0.0971838
3 32 10 0.00552378 0.0745131
3 32 15 -0.00318493 0.10511
3 32 20 0.00205942 0.0870539
3 32 25 -0.0025788 0.107861
3 32 30 0.00241455 0.0829038
3 32 35 0.0325545 0.181292
3 32 40 0.00708167 0.0988517
3 32 45 0.00204983 0.102994
3 32 50 0.0140531 0.0890385
3 32 55 0.0191679 0.136725
3 32 60 -1.45545 0.407072
3 32 65 0.0561666 0.136005
3 32 70 -0.700774 0.579534
3 32 75 -0.0388582 0.170284
3 32 80 0.0179632 0.0716256
3 32 85 0.0287422 0.0585215
3 32 90 -0.00843903 0.00996134
4 32 0 0.0134606 0.0974771
4 32 5 0.00970327 0.0883034
4 32 10 0.00658632 0.0927089
4 32 15 -0.00636764 0.094997
4 32 20 -0.00916479 0.108184
4 32 25 -0.00117125 0.153285
4 32 30 0.0279867 0.160259
4 32 35 -1.73355 0.624511
4 32 40 0.0844144 0.144737
4 32 45 0.0759851 0.176334
4 32 50 -0.0673045 0.0331699
4 32 55 0 0
4 32 60 0 0
4 32 65 -0.136431 0.225403
4 32 70 0 0
4 32 75 0 0
4 32 80 0 0
4 32 85 0 0
4 32 90 -0.568055 0.247355
5 32 0 -1.82993 0.245821
5 32 5 -0.0125687 0.115027
5 32 10 0.00403947 0.0382637
5 32 15 -0.0276746 0.131707
5 32 20 0 0
5 32 25 0 0
5 32 30 -1.795 0.0111146
5 32 35 -1.61677 0.239093
5 32 40 -1.58352 0.242557
5 32 45 0 0
5 32 50 -1.58352 0.242557
5 32 55 -1.58352 0.242557
5 32 60 -1.02883 0.578788
5 32 65 0 0
5 32 70 0.00152713 0.25876
5 32 75 -1.96088 0.0555238
5 32 80 0 0
5 32 85 0.0415269 0.25876
5 32 90 0.0415269 0.25876
6 32 0 -0.135 0.0222291
6 32 5 0.0415269 0.25876
6 32 10 -0.0388504 0.071357
6 32 15 -0.105 0.0111146
6 32 20 0.06 0.0166718
6 32 25 0.151527 0.258759
6 32 30 0 0
6 32 35 0 0
6 32 40 -0.750777 0.252456
6 32 45 -1.015 0.0889165
6 32 50 -1.13 0.038901
6 32 55 0 0
6 32 60 -0.895871 0.249017
6 32 65 -0.358469 0.258761
6 32 70 -1.95784 0.0555648
6 32 75 0 0
6 32 80 -1.82993 0.245821
6 32 85 0 0
6 32 90 0 0
7 32 0 0.0104174 0.12094
7 32 5 2.85301e-05 0.0770258
7 32 10 -0.00354203 0.079551
7 32 15 0 0
7 32 20 -1.01584 0.11212
7 32 25 -1.01731 0.073372
7 32 30 -1.01457 0.065716
7 32 35 -1.01045 0.0585384
7 32 40 -1.015 0.0502451
7 32 45 0 0
7 32 50 -1.63458 0.249922
7 32 55 -1.63458 0.249922
7 32 60 -1.63458 0.249922
7 32 65 -1.63458 0.249922
7 32 70 0 0
7 32 75 0.0415269 0.25876
7 32 80 0.0415269 0.25876
7 32 85 -1.82993 0.245821
7 32 90 -1.82993 0.245821
1 50 0 0.00250993 0.0845331
1 50 5 -0.000891651 0.0706671
1 50 10 -0.00044625 0.0711525
1 50 15 -0.000301916 0.0716929
1 50 20 -0.000473219 0.0698047
1 50 25 -0.000505922 0.0710368
1 50 30 9.56318e-05 0.0713793
1 50 35 0.000230044 0.0724078
1 50 40 -0.000477887 0.0727228
1 50 45 -0.000675735 0.0779404
1 50 50 5.86073e-05 0.077358
1 50 55 -0.00149468 0.0746782
1 50 60 -0.00254115 0.0708382
1 50 65 -0.00365102 0.0687337
1 50 70 -0.00418173 0.0642681
1 50 75 0.000575506 0.068687
1 50 80 0.00147609 0.0690634
1 50 85 0.00428093 0.0652039
1 50 90 0.00462464 0.0632417
2 50 0 0.0033751 0.331902
2 50 5 0.0343072 0.0602144
2 50 10 -0.00531728 0.0591312
2 50 15 -0.00346904 0.0647847
2 50 20 -0.00461982 0.0628931
2 50 25 -0.00325165 0.0695495
2 50 30 -0.00154458 0.0650792
2 50 35 -0.00107013 0.0673374
2 50 40 -0.000840523 0.0678928
2 50 45 0.000500434 0.0674352
2 50 50 0.000961475 0.0694613
2 50 55 -0.00323169 0.0713398
2 50 60 -0.00364041 0.0708685
2 50 65 -0.00485173 0.0692931
2 50 70 -0.0049972 0.0651452
2 50 75 -0.000144152 0.0697552
2 50 80 0.00129813 0.0702242
2 50 85 0.00512905 0.0663046
2 50 90 0.00634178 0.0635842
3 50 0 -0.0596681 0.0921849
3 50 5 0.636526 0.220953
3 50 10 -0.00128494 0.0633824
3 50 15 -0.000848603 0.0624625
3 50 20 0.00213651 0.0718825
3 50 25 0.00190112 0.0787928
3 50 30 0.000345471 0.0797937
3 50 35 0.00171999 0.0794607
3 50 40 -0.000583031 0.0822849
3 50 45 -0.00834786 0.0884587
3 50 50 0.00103256 0.0700018
3 50 55 0.00302168 0.0642257
3 50 60 0.00795407 0.0636187
3 50 65 0.0134112 0.0727549
3 50 70 0.00042788 0.0569044
3 50 75 0.00596393 0.0754589
3 50 80 0.00615375 0.0648585
3 50 85 -0.00102327 0.058726
3 50 90 0.00381924 0.0594901
4 50 0 -0.00279248 0.0640776
4 50 5 0.00154235 0.0764008
4 50 10 0.00206415 0.0795319
4 50 15 0.00283714 0.0783327
4 50 20 0.00361813 0.0720081
4 50 25 0.00561487 0.0757119
4 50 30 0.00945183 0.0711923
4 50 35 -0.000902199 0.0690621
4 50 40 0.0192904 0.0643128
4 50 45 0.0333464 0.0627897
4 50 50 1.40372 0.497065
4 50 55 0 0
4 50 60 -0.602514 0.0410054
4 50 65 0 0
4 50 70 0 0
4 50 75 0 0
4 50 80 -1.73077 0.25246
4 50 85 -1.73077 0.25246
4 50 90 -1.73077 0.25246
5 50 0 0 0
5 50 5 0.008436 0.0685525
5 50 10 -0.00432584 0.0630731
5 50 15 0.0258772 0.0997806
5 50 20 0.00584048 0.0875796
5 50 25 0.075979 0.106717
5 50 30 0.0215925 0.0503905
5 50 35 0 0
5 50 40 -1.78998 0.245777
5 50 45 -1.78998 0.245777
5 50 50 0 0
5 50 55 0 0
5 50 60 1.99409 0.0108467
5 50 65 0 0
5 50 70 0.391527 0.25876
5 50 75 -1.364 0.250326
5 50 80 -1.364 0.250326
5 50 85 -1.82993 0.245821
5 50 90 0 0
6 50 0 -0.258471 0.258761
6 50 5 0.0132737 0.0818573
6 50 10 0.0382345 0.120631
6 50 15 0.0141872 0.0646617
6 50 20 0.596872 0.2712
6 50 25 0 0
6 50 30 -1.36244 0.264423
6 50 35 -1.36244 0.264423
6 50 40 -1.36244 0.264423
6 50 45 -1.555 0.0889165
6 50 50 -1.45444 0.250024
6 50 55 0.171527 0.258759
6 50 60 -1.82993 0.245821
6 50 65 0.391527 0.25876
6 50 70 -1.364 0.250326
6 50 75 1.99964 0.0091929
6 50 80 0 0
6 50 85 0 0
6 50 90 0 0
7 50 0 0.00977182 0.079952
7 50 5 0.0199512 0.0973959
7 50 10 1.61351 0.495076
7 50 15 0.151527 0.258759
7 50 20 0 0
7 50 25 0.318439 0.00996134
7 50 30 0.318439 0.00996134
7 50 35 0 0
7 50 40 0 0
7 50 45 0 0
7 50 50 -1.364 0.250326
7 50 55 -1.364 0.250326
7 50 60 -1.364 0.250326
7 50 65 -1.364 0.250326
7 50 70 -1.82993 0.245821
7 50 75 -1.82993 0.245821
7 50 80 0 0
7 50 85 0 0
7 50 90 0 0
1 100 0 -0.000492212 0.0590637
1 100 5 -0.00270936 0.0451858
1 100 10 -0.00274995 0.0453346
1 100 15 -0.00272934 0.0457528
1 100 20 -0.0027438 0.0459668
1 100 25 -0.00284151 0.0460167
1 100 30 -0.00270173 0.0460748
1 100 35 -0.00272537 0.0461956
1 100 40 -0.00268317 0.0464698
1 100 45 -0.00273753 0.0464808
1 100 50 -0.00267985 0.0465654
1 100 55 -0.00273855 0.0466469
1 100 60 -0.00284171 0.046646
1 100 65 -0.00270185 0.0466405
1 100 70 -0.00285706 0.0468574
1 100 75 -0.00311386 0.0474462
1 100 80 -0.00289228 0.0472622
1 100 85 -0.00244372 0.0465881
1 100 90 -0.00456384 0.0455104
2 100 0 -1.18517 0.320005
2 100 5 0.00497411 0.0544498
2 100 10 -0.00458968 0.0436461
2 100 15 -0.00281956 0.0448613
2 100 20 -0.00204404 0.0451537
2 100 25 -0.00307949 0.0447016
2 100 30 -0.00265985 0.0450797
2 100 35 -0.00278161 0.0454284
2 100 40 -0.00263194 0.0457258
2 100 45 -0.00257303 0.0459723
2 100 50 -0.00244993 0.0462997
2 100 55 -0.00264429 0.0463751
2 100 60 -0.00284207 0.046515
2 100 65 -0.00255444 0.0464538
2 100 70 -0.00274657 0.046863
2 100 75 -0.00296675 0.0473902
2 100 80 -0.00275754 0.0473197
2 100 85 -0.00193802 0.0474767
2 100 90 -0.00276125 0.0454574
3 100 0 0.0129465 0.0533745
3 100 5 -0.00320733 0.0438052
3 100 10 -0.002056 0.0438402
3 100 15 -0.00183219 0.0456024
3 100 20 -0.00250745 0.0462359
3 100 25 -0.00236328 0.0470311
3 100 30 -0.00259678 0.0471512
3 100 35 -0.00246566 0.047459
3 100 40 -0.00269313 0.0481631
3 100 45 -0.00312496 0.0479851
3 100 50 -0.00430068 0.0470009
3 100 55 -0.00361685 0.0479935
3 100 60 -0.00231326 0.0481074
3 100 65 -0.00348044 0.048564
3 100 70 -0.00421428 0.0472023
3 100 75 -0.00634349 0.0476161
3 100 80 -0.00728211 0.0461088
3 100 85 -0.00580505 0.0491332
3 100 90 -0.0200759 0.0681617
4 100 0 -0.00170233 0.049076
4 100 5 -0.00241643 0.0457855
4 100 10 -0.00299103 0.0467205
4 100 15 -0.00294793 0.0489124
4 100 20 -0.00400525 0.051286
4 100 25 -0.0040468 0.0528512
4 100 30 -0.00591447 0.057226
4 100 35 -0.00982722 0.0628472
4 100 40 0.0063177 0.0561294
4 100 45 0.0159263 0.0691245
4 100 50 0.0277123 0.177309
4 100 55 0.0156007 0.032906
4 100 60 0.108465 0.202802
4 100 65 0 0
4 100 70 -1.74946 0.253202
4 100 75 -1.74946 0.253202
4 100 80 -1.81999 0.24577
4 100 85 -1.81999 0.24577
4 100 90 0 0
5 100 0 -0.00274902 0.179772
5 100 5 -0.00180651 0.0430619
5 100 10 -0.00234555 0.0502451
5 100 15 -0.00725864 0.0519412
5 100 20 -0.0110961 0.0595704
5 100 25 -0.0242348 0.0355644
5 100 30 -0.0661291 0.0954034
5 100 35 -0.301472 0.371766
5 100 40 -0.649983 0.348167
5 100 45 0 0
5 100 50 0 0
5 100 55 0.031527 0.25876
5 100 60 -1.00067 0.245182
5 100 65 -1.00067 0.245182
5 100 70 -1.00067 0.245182
5 100 75 -1.00067 0.245182
5 100 80 -1.82993 0.245821
5 100 85 -1.82993 0.245821
5 100 90 0 0
6 100 0 -7.66742e-05 0.10259
6 100 5 -0.00309506 0.0485759
6 100 10 -0.00646513 0.0539272
6 100 15 -0.0046399 0.0550183
6 100 20 -0.00760424 0.0428831
6 100 25 0.351534 0.162433
6 100 30 0 0
6 100 35 -0.0884723 0.25876
6 100 40 -1.82993 0.245821
6 100 45 0 0
6 100 50 0.946659 0.250773
6 100 55 0.946659 0.250773
6 100 60 0.946659 0.250773
6 100 65 -1.82993 0.245821
6 100 70 -1.82993 0.245821
6 100 75 -1.82993 0.245821
6 100 80 -1.82993 0.245821
6 100 85 -1.82993 0.245821
6 100 90 0 0
7 100 0 0.000612278 0.0589094
7 100 5 -0.000797214 0.0507721
7 100 10 -0.000296594 0.054878
7 100 15 -0.00536594 0.090267
7 100 20 -0.0253171 0.029884
7 100 25 0 0
7 100 30 -1.00067 0.245182
7 100 35 -1.00067 0.245182
7 100 40 -1.00067 0.245182
7 100 45 -1.00067 0.245182
7 100 50 -1.00067 0.245182
7 100 55 -1.00067 0.245182
7 100 60 -1.82993 0.245821
7 100 65 -1.82993 0.245821
7 100 70 -1.82993 0.245821
7 100 75 -1.82993 0.245821
7 100 80 -1.82993 0.245821
7 100 85 0 0
7 100 90 0 0
1 150 0 -7.22864e-05 0.0462528
1 150 5 -0.00202047 0.0366053
1 150 10 -0.0019251 0.0366687
1 150 15 -0.00178498 0.0366317
1 150 20 -0.00167289 0.0366479
1 150 25 -0.00151835 0.0367519
1 150 30 -0.0013636 0.0366531
1 150 35 -0.00132527 0.0366705
1 150 40 -0.00125746 0.0367211
1 150 45 -0.00113533 0.0371078
1 150 50 -0.00115007 0.037405
1 150 55 -0.00108661 0.0376468
1 150 60 -0.000732147 0.0373864
1 150 65 -0.000471338 0.0372787
1 150 70 -0.000583036 0.0375194
1 150 75 -0.000476915 0.0371075
1 150 80 0.000399973 0.0388287
1 150 85 -0.000764983 0.037178
1 150 90 0.00051798 0.0380154
2 150 0 0.596437 0.307573
2 150 5 -0.003677 0.0382825
2 150 10 -0.0037165 0.0373931
2 150 15 -0.003025 0.0365549
2 150 20 -0.00270642 0.0366066
2 150 25 -0.0024258 0.0368606
2 150 30 -0.0021544 0.0363879
2 150 35 -0.0018453 0.0361807
2 150 40 -0.00176858 0.0360321
2 150 45 -0.00164513 0.0364672
2 150 50 -0.0016946 0.0372044
2 150 55 -0.00141987 0.0377115
2 150 60 -0.000372101 0.0382119
2 150 65 -0.000664238 0.0371557
2 150 70 -0.000733621 0.0374943
2 150 75 -0.000523955 0.0370525
2 150 80 0.00028868 0.0386573
2 150 85 -0.000960811 0.0371923
2 150 90 0.000484435 0.0380359
3 150 0 0.0033546 0.0392938
3 150 5 -0.00108268 0.0394063
3 150 10 -0.00101252 0.0356592
3 150 15 -0.00105008 0.0359388
3 150 20 -0.000959282 0.0361958
3 150 25 0.0002179 0.0364922
3 150 30 0.000674308 0.0369138
3 150 35 0.000741088 0.037424
3 150 40 4.94959e-05 0.0383527
3 150 45 0.000536289 0.0391517
3 150 50 0.00186551 0.0377277
3 150 55 0.000420691 0.0372536
3 150 60 0.00120202 0.0385183
3 150 65 0.000947944 0.0381526
3 150 70 0.000597116 0.0376429
3 150 75 -0.000194423 0.037892
3 150 80 0.00332244 0.0396303
3 150 85 0.00319145 0.0363767
3 150 90 0.000711115 0.0410872
4 150 0 -0.0028996 0.0363686
4 150 5 -0.00231551 0.0361277
4 150 10 -0.0011783 0.0379592
4 150 15 -0.00205498 0.0397046
4 150 20 -0.00124727 0.0428955
4 150 25 0.000173715 0.0426054
4 150 30 -0.00151453 0.0441357
4 150 35 -0.00231993 0.0421512
4 150 40 -0.00250589 0.038741
4 150 45 -0.00359844 0.0503906
4 150 50 0.00570561 0.0589917
4 150 55 -0.00719528 0.0749322
4 150 60 -0.0695868 0.128244
4 150 65 0 0
4 150 70 -1.70623 0.24876
4 150 75 -1.70623 0.24876
4 150 80 -1.81999 0.24577
4 150 85 0 0
4 150 90 0 0
5 150 0 0.0526688 0.103017
5 150 5 -0.00179681 0.03485
5 150 10 -0.00397421 0.0391875
5 150 15 -0.000892496 0.0358476
5 150 20 -0.00580073 0.0289556
5 150 25 -0.0191243 0.0433588
5 150 30 1.06921 0.542057
5 150 35 0 0
5 150 40 -1.364 0.250326
5 150 45 0.153259 0.223833
5 150 50 1.68581 0.241885
5 150 55 -1.82993 0.245821
5 150 60 -0.0884723 0.25876
5 150 65 -0.0884723 0.25876
5 150 70 -1.82993 0.245821
5 150 75 0 0
5 150 80 -1.82993 0.245821
5 150 85 0 0
5 150 90 0 0
6 150 0 0.00400155 0.0431397
6 150 5 -0.00138796 0.0382059
6 150 10 -0.00116456 0.0436519
6 150 15 -0.0347162 0.350543
6 150 20 -0.390871 0.249893
6 150 25 -0.00499986 0.0147108
6 150 30 0.211527 0.258759
6 150 35 -1.82993 0.245821
6 150 40 -0.928891 0.236472
6 150 45 -1.82993 0.245821
6 150 50 -1.82993 0.245821
6 150 55 -0.0884723 0.25876
6 150 60 -1.82993 0.245821
6 150 65 0 0
6 150 70 -1.82993 0.245821
6 150 75 -1.82993 0.245821
6 150 80 -1.82993 0.245821
6 150 85 -1.82993 0.245821
6 150 90 0 0
7 150 0 0.000554133 0.0451429
7 150 5 -0.00215915 0.0412039
7 150 10 0.0120242 0.0433883
7 150 15 0.620938 0.204418
7 150 20 0 0
7 150 25 -0.928891 0.236472
7 150 30 -0.928891 0.236472
7 150 35 -0.928891 0.236472
7 150 40 -0.0884723 0.25876
7 150 45 -0.0884723 0.25876
7 150 50 -0.0884723 0.25876
7 150 55 -1.82993 0.245821
7 150 60 -1.82993 0.245821
7 150 65 -1.82993 0.245821
7 150 70 -1.82993 0.245821
7 150 75 -1.82993 0.245821
7 150 80 -1.82993 0.245821
7 150 85 0 0
7 150 90 0 0
1 200 0 -0.000416212 0.0406466
1 200 5 -0.00195889 0.0336326
1 200 10 -0.00191678 0.0335654
1 200 15 -0.0018216 0.0334793
1 200 20 -0.00177044 0.0333224
1 200 25 -0.00171072 0.0332284
1 200 30 -0.00161313 0.0331266
1 200 35 -0.00148795 0.0331633
1 200 40 -0.00148227 0.0330826
1 200 45 -0.00142674 0.0331355
1 200 50 -0.00137941 0.0330589
1 200 55 -0.00134176 0.0330529
1 200 60 -0.0012831 0.0332722
1 200 65 -0.00120337 0.033092
1 200 70 -0.00127081 0.0330001
1 200 75 -0.00125607 0.0330012
1 200 80 -0.00128769 0.0329867
1 200 85 -0.00169264 0.0326238
1 200 90 -0.00172996 0.0329255
2 200 0 0.0368217 0.0710556
2 200 5 -0.00325958 0.0394954
2 200 10 -0.00290234 0.0356467
2 200 15 -0.00319582 0.0353337
2 200 20 -0.00282902 0.0348838
2 200 25 -0.00247054 0.0334098
2 200 30 -0.00222291 0.0331048
2 200 35 -0.00175697 0.0332033
2 200 40 -0.00176341 0.0330279
2 200 45 -0.00163636 0.0331576
2 200 50 -0.00157272 0.0330464
2 200 55 -0.00149333 0.0330745
2 200 60 -0.00141749 0.0332365
2 200 65 -0.00126901 0.0330204
2 200 70 -0.00126002 0.0329531
2 200 75 -0.00127503 0.0329434
2 200 80 -0.00124075 0.0329561
2 200 85 -0.00161994 0.0325973
2 200 90 -0.00169048 0.0328829
3 200 0 -0.000595689 0.0339375
3 200 5 -0.00140429 0.0338444
3 200 10 -0.00117036 0.0325238
3 200 15 -0.000853574 0.0325669
3 200 20 -0.000834753 0.0324883
3 200 25 -0.000901022 0.0328334
3 200 30 -0.000745139 0.0330553
3 200 35 -0.000970857 0.0330134
3 200 40 -0.000769395 0.0331468
3 200 45 -0.000726883 0.0329753
3 200 50 -0.000536232 0.033002
3 200 55 -0.000464289 0.0328492
3 200 60 -0.000297588 0.0334821
3 200 65 -0.000573333 0.0337892
3 200 70 -0.00138746 0.0335933
3 200 75 -0.000919976 0.0339431
3 200 80 -0.00213034 0.0338182
3 200 85 -0.00295374 0.0332623
3 200 90 -0.00257389 0.0381337
4 200 0 -0.00361977 0.035296
4 200 5 -0.00229768 0.0333882
4 200 10 -0.00226913 0.0332452
4 200 15 -0.00250496 0.033549
4 200 20 -0.00280449 0.0363321
4 200 25 -0.00579737 0.0402772
4 200 30 -0.00435616 0.0440076
4 200 35 -0.0108692 0.0466465
4 200 40 -0.0252595 0.0675408
4 200 45 -0.0206221 0.0539185
4 200 50 -0.0251899 0.0492257
4 200 55 -0.0386745 0.0485983
4 200 60 0 0
4 200 65 0.58117 0.0453324
4 200 70 0.59 0.032894
4 200 75 0.590001 0.0369503
4 200 80 0 0
4 200 85 0 0
4 200 90 -1.68465 0.249872
5 200 0 0 0
5 200 5 -0.00139304 0.037242
5 200 10 -0.00349698 0.0355288
5 200 15 -0.00440177 0.0391475
5 200 20 -0.00818667 0.0347459
5 200 25 -0.00692881 0.0721058
5 200 30 0.000456076 0.056036
5 200 35 0.0256253 0.147789
5 200 40 0 0
5 200 45 0 0
5 200 50 0.221527 0.258759
5 200 55 -1.98517 0.0278524
5 200 60 -1.7401 0.252819
5 200 65 0 0
5 200 70 0.551528 0.25876
5 200 75 -1.26478 0.241283
5 200 80 -1.82993 0.245821
5 200 85 -1.82993 0.245821
5 200 90 -1.82993 0.245821
6 200 0 -7.79376e-06 0.037846
6 200 5 -0.00189099 0.0338012
6 200 10 -0.00313191 0.0378714
6 200 15 -0.00983421 0.044295
6 200 20 0.0237418 0.0240645
6 200 25 0 0
6 200 30 -1.72141 0.252052
6 200 35 -1.72141 0.252052
6 200 40 0 0
6 200 45 -1.82993 0.245821
6 200 50 -1.98694 0.0265777
6 200 55 0 0
6 200 60 -1.24484 0.241218
6 200 65 0.551528 0.25876
6 200 70 1.82549 0.249969
6 200 75 1.95946 0.0781397
6 200 80 0 0
6 200 85 -1.82993 0.245821
6 200 90 0 0
7 200 0 -0.000630507 0.0377703
7 200 5 -5.5817e-05 0.0361072
7 200 10 0.0131043 0.0342171
7 200 15 -0.568138 0.189734
7 200 20 0 0
7 200 25 -1.7401 0.252819
7 200 30 -1.7401 0.252819
7 200 35 -1.7401 0.252819
7 200 40 -1.7401 0.252819
7 200 45 -1.7401 0.252819
7 200 50 0 0
7 200 55 -1.26478 0.241283
7 200 60 -1.26478 0.241283
7 200 65 -1.26478 0.241283
7 200 70 -1.26478 0.241283
7 200 75 -1.82993 0.245821
7 200 80 -1.82993 0.245821
7 200 85 0 0
7 200 90 0 0
1 250 0 -0.000972865 0.0345065
1 250 5 -0.00173429 0.0300075
1 250 10 -0.00174278 0.029894
1 250 15 -0.00166022 0.0297874
1 250 20 -0.00159188 0.0297348
1 250 25 -0.00147958 0.029689
1 250 30 -0.00137348 0.0295989
1 250 35 -0.00125589 0.0299819
1 250 40 -0.00120039 0.0299193
1 250 45 -0.000970631 0.0298165
1 250 50 -0.00106801 0.0296837
1 250 55 -0.00104783 0.0296154
1 250 60 -0.000982123 0.029544
1 250 65 -0.000661393 0.0295526
1 250 70 -0.000567887 0.0298738
1 250 75 -0.000395821 0.0298261
1 250 80 -0.000479361 0.0296697
1 250 85 -0.000128771 0.0297462
1 250 90 0.000107616 0.0301682
2 250 0 0.00783867 0.0303194
2 250 5 -0.00298412 0.0317116
2 250 10 -0.00357156 0.0304601
2 250 15 -0.00337767 0.0302687
2 250 20 -0.00308215 0.0299634
2 250 25 -0.00242826 0.0301071
2 250 30 -0.00200636 0.0297574
2 250 35 -0.00187175 0.0297658
2 250 40 -0.00190769 0.0298051
2 250 45 -0.00154498 0.0297427
2 250 50 -0.00135671 0.0297055
2 250 55 -0.000979155 0.0286293
2 250 60 -0.00143632 0.0293503
2 250 65 -0.00113587 0.0293676
2 250 70 -0.000585343 0.0306945
2 250 75 -5.96274e-05 0.0285941
2 250 80 -0.000655975 0.0294879
2 250 85 -0.000244092 0.0296971
2 250 90 0.000350725 0.0297058
3 250 0 4.11864e-06 0.0296095
3 250 5 -0.000366296 0.029347
3 250 10 -0.00015768 0.0294139
3 250 15 0.000300006 0.0299202
3 250 20 0.000310614 0.0300083
3 250 25 0.000564922 0.0301817
3 250 30 0.000631482 0.030601
3 250 35 0.000381005 0.0306827
3 250 40 0.00122611 0.0305208
3 250 45 0.00182768 0.0308998
3 250 50 0.0014105 0.0313738
3 250 55 0.00204073 0.0311859
3 250 60 0.00289294 0.0309771
3 250 65 0.00457378 0.0311824
3 250 70 0.0063808 0.0330039
3 250 75 0.00307632 0.0293297
3 250 80 0.00107888 0.0319887
3 250 85 0.00382422 0.0260719
3 250 90 0.00550234 0.0357051
4 250 0 -0.00890764 0.0372812
4 250 5 -0.00234608 0.0289915
4 250 10 -0.00270407 0.0295657
4 250 15 -0.00187395 0.0282236
4 250 20 0.000240973 0.030381
4 250 25 0.000126231 0.0267912
4 250 30 -0.016169 0.0404649
4 250 35 -0.0308062 0.0470927
4 250 40 -0.15874 0.0890097
4 250 45 -0.0213537 0.0341246
4 250 50 -0.025 0.0337271
4 250 55 0 0
4 250 60 1.34933 0.245182
4 250 65 0 0
4 250 70 -1.76995 0.245805
4 250 75 -1.76995 0.245805
4 250 80 -1.76995 0.245805
4 250 85 0 0
4 250 90 -1.28425 0.241823
5 250 0 0.00673356 0.0347282
5 250 5 -0.00154891 0.0302868
5 250 10 0.00260369 0.0302947
5 250 15 0.00336709 0.0380351
5 250 20 -0.00686293 0.0392018
5 250 25 -0.0409013 0.171664
5 250 30 0 0
5 250 35 0 0
5 250 40 -0.01 0.038901
5 250 45 0 0
5 250 50 0.901696 0.247157
5 250 55 0.03 0.038901
5 250 60 0 0
5 250 65 -1.82993 0.245821
5 250 70 -1.82993 0.245821
5 250 75 -1.82993 0.245821
5 250 80 -1.82993 0.245821
5 250 85 -1.82993 0.245821
5 250 90 0 0
6 250 0 -0.00203184 0.0321057
6 250 5 0.00892684 0.0469908
6 250 10 -0.00598276 0.0372803
6 250 15 0.294012 0.187179
6 250 20 0 0
6 250 25 -1.79999 0.245771
6 250 30 0 0
6 250 35 -1.82993 0.245821
6 250 40 0.153259 0.223833
6 250 45 0.153259 0.223833
6 250 50 0.03 0.038901
6 250 55 0 0
6 250 60 0.932003 0.2474
6 250 65 0.932003 0.2474
6 250 70 -1.82993 0.245821
6 250 75 -1.82993 0.245821
6 250 80 0 0
6 250 85 0 0
6 250 90 0 0
7 250 0 0.000714559 0.0323138
7 250 5 0.00479339 0.0238179
7 250 10 -0.0166377 0.0219859
7 250 15 -0.025 0.0222291
7 250 20 0.255088 0.255716
7 250 25 0.153259 0.223833
7 250 30 0.153259 0.223833
7 250 35 0.153259 0.223833
7 250 40 0 0
7 250 45 0.255088 0.255716
7 250 50 0.932003 0.2474
7 250 55 0.932003 0.2474
7 250 60 -1.82993 0.245821
7 250 65 -1.82993 0.245821
7 250 70 -1.82993 0.245821
7 250 75 0 0
7 250 80 0 0
7 250 85 0 0
7 250 90 0 0
