-1 20 0 0.00185754 0.179061
-1 20 5 0.00783228 0.111064
-1 20 10 -0.0073917 0.109292
-1 20 15 -0.0077828 0.101942
-1 20 20 -0.00399441 0.111186
-1 20 25 -0.00357437 0.104667
-1 20 30 -0.00173777 0.114563
-1 20 35 0.00217798 0.115851
-1 20 40 0.00100842 0.126967
-1 20 45 0.00569296 0.122346
-1 20 50 0.0135583 0.103887
-1 20 55 0.0138581 0.10528
-1 20 60 0.0195653 0.125577
-1 20 65 0.0316064 0.148037
-1 20 70 0.0444289 0.166501
-1 20 75 0.0603115 0.161025
-1 20 80 0.0459435 0.168196
-1 20 85 0.0332858 0.130009
-1 20 90 0.0566638 0.0868271
-1 32 0 0.00516048 0.120121
-1 32 5 0.00829759 0.0885228
-1 32 10 0.000189844 0.0912557
-1 32 15 0.00106267 0.09131
-1 32 20 0.00338968 0.0947781
-1 32 25 0.00372922 0.0952635
-1 32 30 0.00170606 0.0936709
-1 32 35 0.00150999 0.0999046
-1 32 40 0.00126961 0.10119
-1 32 45 0.00168617 0.104876
-1 32 50 0.00156966 0.10289
-1 32 55 0.0012499 0.106027
-1 32 60 -0.000227704 0.102989
-1 32 65 0.00135024 0.103958
-1 32 70 0.00455703 0.108739
-1 32 75 0.00952502 0.120941
-1 32 80 0.00561771 0.113833
-1 32 85 0.0107134 0.116182
-1 32 90 0.00231591 0.118717
-1 50 0 0.00447705 0.0923254
-1 50 5 -0.000902317 0.0706448
-1 50 10 -8.92572e-05 0.069226
-1 50 15 -0.000797439 0.0695925
-1 50 20 -0.00218486 0.070964
-1 50 25 -0.00192733 0.0721328
-1 50 30 -0.00145645 0.0731294
-1 50 35 -0.00248708 0.0759119
-1 50 40 -0.00301349 0.0759192
-1 50 45 -0.00251666 0.0753835
-1 50 50 -0.00189866 0.0747007
-1 50 55 -0.00247345 0.0756531
-1 50 60 -0.00344077 0.0749265
-1 50 65 -0.00652886 0.0769914
-1 50 70 -0.00383148 0.0770081
-1 50 75 -0.00188605 0.0785301
-1 50 80 -0.00100713 0.0749957
-1 50 85 0.00432014 0.0793769
-1 50 90 0.00459739 0.0865663
-1 100 0 0.00070897 0.0634607
-1 100 5 -0.00270993 0.0451817
-1 100 10 -0.00318709 0.0449281
-1 100 15 -0.00318041 0.0450742
-1 100 20 -0.00304194 0.0450381
-1 100 25 -0.00299577 0.0450861
-1 100 30 -0.0027407 0.0452671
-1 100 35 -0.00268399 0.0454757
-1 100 40 -0.00253931 0.0457477
-1 100 45 -0.00253324 0.0459167
-1 100 50 -0.00250962 0.0459736
-1 100 55 -0.00247683 0.0460111
-1 100 60 -0.00245129 0.0460125
-1 100 65 -0.00227374 0.0461316
-1 100 70 -0.00250742 0.0462868
-1 100 75 -0.00269399 0.0466528
-1 100 80 -0.00266261 0.0466095
-1 100 85 -0.0022387 0.0455905
-1 100 90 -0.00258328 0.0473645
-1 150 0 0.000655993 0.048693
-1 150 5 -0.00202338 0.0366097
-1 150 10 -0.00207746 0.0368661
-1 150 15 -0.00198485 0.0369482
-1 150 20 -0.00182027 0.0369486
-1 150 25 -0.00164292 0.0369996
-1 150 30 -0.00152782 0.0367924
-1 150 35 -0.00156516 0.036888
-1 150 40 -0.00158051 0.0369143
-1 150 45 -0.00149219 0.0372767
-1 150 50 -0.00147594 0.0376236
-1 150 55 -0.00139774 0.037894
-1 150 60 -0.00102619 0.0378032
-1 150 65 -0.000691483 0.0374809
-1 150 70 -0.000763078 0.0377018
-1 150 75 -0.000318671 0.0382963
-1 150 80 -0.000204376 0.0387279
-1 150 85 -7.91733e-05 0.0380597
-1 150 90 0.000581537 0.0383957
-1 200 0 0.000396863 0.0425905
-1 200 5 -0.00180675 0.0342198
-1 200 10 -0.00186542 0.0338708
-1 200 15 -0.00161838 0.0338142
-1 200 20 -0.0014993 0.0336642
-1 200 25 -0.00145212 0.0334866
-1 200 30 -0.00133693 0.0334441
-1 200 35 -0.00122714 0.0334259
-1 200 40 -0.00125505 0.0333859
-1 200 45 -0.00125079 0.0333646
-1 200 50 -0.00126736 0.0333713
-1 200 55 -0.00126187 0.0333106
-1 200 60 -0.00121024 0.0335391
-1 200 65 -0.00110563 0.0334239
-1 200 70 -0.00116313 0.0335165
-1 200 75 -0.00104815 0.03344
-1 200 80 -0.00100281 0.033521
-1 200 85 -0.00125793 0.0331839
-1 200 90 -0.00107018 0.0338066
-1 250 0 0.000557903 0.036109
-1 250 5 -0.0012447 0.0310001
-1 250 10 -0.00155011 0.0300229
-1 250 15 -0.00117676 0.0302758
-1 250 20 -0.000995978 0.0301245
-1 250 25 -0.000952239 0.0300634
-1 250 30 -0.000917447 0.0299794
-1 250 35 -0.00100836 0.029929
-1 250 40 -0.000959028 0.0298576
-1 250 45 -0.000762322 0.0297081
-1 250 50 -0.00079425 0.0297551
-1 250 55 -0.000745517 0.0296787
-1 250 60 -0.000730877 0.029752
-1 250 65 -0.000623988 0.0296321
-1 250 70 -0.000609188 0.0298248
-1 250 75 -0.000302725 0.0298416
-1 250 80 -0.000333346 0.029922
-1 250 85 -0.000115504 0.0299692
-1 250 90 0.000348142 0.029908
