1 20 0 -0.00189248 0.119054
1 20 5 -0.0160055 0.101024
1 20 10 -0.0156917 0.11137
1 20 15 -0.0226426 0.106942
1 20 20 -0.023771 0.104481
1 20 25 -0.0238413 0.108466
1 20 30 -0.0259701 0.112074
1 20 35 -0.017292 0.158725
1 20 40 -0.0285601 0.119452
1 20 45 -0.0208427 0.13745
1 20 50 -0.0365851 0.109894
1 20 55 -0.0321778 0.114997
1 20 60 -0.0469505 0.0950379
1 20 65 -0.0396192 0.111185
1 20 70 -0.0169064 0.121725
1 20 75 -0.0401957 0.109559
1 20 80 -0.0506292 0.101198
1 20 85 -0.0729943 0.0884833
1 20 90 -0.0987122 0.0814355
2 20 0 0.163259 0.223833
2 20 5 -0.0801373 0.199255
2 20 10 -0.0268819 0.138197
2 20 15 -0.0284162 0.0833978
2 20 20 -0.0169856 0.0981254
2 20 25 -0.0296778 0.0705574
2 20 30 -0.0262233 0.0758273
2 20 35 0.0122712 0.203637
2 20 40 -0.0328907 0.106979
2 20 45 -0.0224776 0.115294
2 20 50 -0.0382816 0.106511
2 20 55 -0.0388565 0.104833
2 20 60 -0.0452793 0.0928836
2 20 65 -0.0275551 0.116024
2 20 70 -0.016839 0.107573
2 20 75 -0.0457404 0.0799843
2 20 80 -0.0461338 0.0857736
2 20 85 -0.0719645 0.0805079
2 20 90 -0.0920351 0.0757781
3 20 0 -0.0254908 0.0495822
3 20 5 -0.0236088 0.0753773
3 20 10 -0.0192732 0.0857415
3 20 15 -0.0173349 0.10193
3 20 20 -0.0176344 0.117869
3 20 25 -0.00734471 0.174465
3 20 30 -0.0478955 0.113651
3 20 35 -0.0378842 0.099142
3 20 40 -0.0928643 0.183163
3 20 45 0.026453 0.081155
3 20 50 0.00851125 0.0523337
3 20 55 0.0437585 0.152159
3 20 60 -0.041749 0.110758
3 20 65 -0.0634471 0.120941
3 20 70 -0.0737492 0.0609247
3 20 75 -0.11731 0.13963
3 20 80 -0.12604 0.117796
3 20 85 0 0
3 20 90 -1.45444 0.250024
4 20 0 -0.00376348 0.117704
4 20 5 -0.0210268 0.110629
4 20 10 -0.0323998 0.108985
4 20 15 -0.039145 0.266098
4 20 20 -0.0503683 0.169747
4 20 25 0.0126598 0.0365934
4 20 30 -0.0941747 0.127548
4 20 35 -0.0621319 0.10772
4 20 40 -0.11153 0.136228
4 20 45 0 0
4 20 50 0 0
4 20 55 0.978614 0.147182
4 20 60 0 0
4 20 65 -1.10058 0.134362
4 20 70 -1.11108 0.0830491
4 20 75 -1.09872 0.0550228
4 20 80 0 0
4 20 85 0 0
4 20 90 0 0
5 20 0 0.331527 0.25876
5 20 5 0.0116104 0.235676
5 20 10 0.0739465 0.0512639
5 20 15 0.09774 0.116668
5 20 20 0 0
5 20 25 0 0
5 20 30 -1.10898 0.253484
5 20 35 -0.488047 0.258942
5 20 40 0.0815268 0.25876
5 20 45 -1.62775 0.237919
5 20 50 0.0815268 0.25876
5 20 55 0.0815268 0.25876
5 20 60 -0.964705 0.241358
5 20 65 -1.354 0.250325
5 20 70 -1.50364 0.250573
5 20 75 1.61548 0.241547
5 20 80 -0.0684725 0.25876
5 20 85 -1.82993 0.245821
5 20 90 -1.82993 0.245821
6 20 0 0 0
6 20 5 0 0
6 20 10 0 0
6 20 15 0 0
6 20 20 0 0
6 20 25 -0.991663 0.244288
6 20 30 -0.655 0.0333437
6 20 35 -0.458468 0.258762
6 20 40 -0.0684725 0.25876
6 20 45 -0.0684725 0.25876
6 20 50 -0.0684725 0.25876
6 20 55 -0.0684725 0.25876
6 20 60 -1.61 0.0833592
6 20 65 -1.50364 0.250573
6 20 70 -1.12706 0.254571
6 20 75 -0.0684725 0.25876
6 20 80 -1.82993 0.245821
6 20 85 -1.82993 0.245821
6 20 90 0 0
7 20 0 -0.0353197 0.155459
7 20 5 0.0530536 0.0634234
7 20 10 0 0
7 20 15 0 0
7 20 20 0 0
7 20 25 -1.785 0.0816164
7 20 30 -1.785 0.0816164
7 20 35 -1.785 0.0816164
7 20 40 -1.785 0.0111146
7 20 45 0 0
7 20 50 -1.50364 0.250573
7 20 55 -1.50364 0.250573
7 20 60 0 0
7 20 65 -1.12706 0.254571
7 20 70 -1.82993 0.245821
7 20 75 -1.82993 0.245821
7 20 80 -1.82993 0.245821
7 20 85 -1.82993 0.245821
7 20 90 -1.82993 0.245821
1 32 0 0.00425398 0.0802955
1 32 5 5.28174e-05 0.0657547
1 32 10 0.000747299 0.0673595
1 32 15 0.00219151 0.0693167
1 32 20 0.00233363 0.0718447
1 32 25 0.00246026 0.0740107
1 32 30 0.00230373 0.0761084
1 32 35 0.00133506 0.0754916
1 32 40 0.00327311 0.0740528
1 32 45 0.00372747 0.071474
1 32 50 0.00422625 0.0725445
1 32 55 0.00669447 0.0707839
1 32 60 0.00517401 0.0714066
1 32 65 0.00162802 0.0691088
1 32 70 0.0145423 0.0875182
1 32 75 -0.00037873 0.0711577
1 32 80 0.000565836 0.071578
1 32 85 -0.00128981 0.0693577
1 32 90 0.00241094 0.0742436
2 32 0 -0.946795 0.50503
2 32 5 -0.00191279 0.0659191
2 32 10 -0.00149431 0.0599287
2 32 15 0.000493811 0.0655595
2 32 20 0.00234772 0.0673857
2 32 25 0.00380647 0.0683584
2 32 30 -0.000227214 0.0685255
2 32 35 -0.000415017 0.0727444
2 32 40 0.000158944 0.0698003
2 32 45 0.00161297 0.0701116
2 32 50 0.00322639 0.0714571
2 32 55 0.00615118 0.0695562
2 32 60 0.00497096 0.069275
2 32 65 0.00396965 0.0693502
2 32 70 0.0247526 0.0910358
2 32 75 0.00254373 0.0702646
2 32 80 -0.000325896 0.0790783
2 32 85 -0.00807766 0.0871092
2 32 90 0.00506515 0.0792826
3 32 0 -0.023148 0.0642639
3 32 5 -0.000164928 0.0627239
3 32 10 0.00395428 0.0692123
3 32 15 0.000469608 0.0745817
3 32 20 -0.00502294 0.0839819
3 32 25 0.00250857 0.0708717
3 32 30 0.0052413 0.0867102
3 32 35 -0.000834142 0.0777799
3 32 40 0.00293017 0.0749841
3 32 45 -0.0160782 0.105141
3 32 50 -0.0165903 0.0715406
3 32 55 -0.0133839 0.082061
3 32 60 -0.992492 0.48345
3 32 65 -0.0195598 0.0631959
3 32 70 -0.0278325 0.06706
3 32 75 -0.0581959 0.0443886
3 32 80 -0.0551381 0.065742
3 32 85 0 0
3 32 90 -0.19014 0.45861
4 32 0 0 0
4 32 5 0.00370407 0.0798826
4 32 10 0.00194567 0.0793453
4 32 15 -0.00378684 0.0701646
4 32 20 -0.00794232 0.0834616
4 32 25 0.00380979 0.0892924
4 32 30 0.0408512 0.122029
4 32 35 1.29198 0.376529
4 32 40 0.0130519 0.0874393
4 32 45 -0.0204335 0.0641376
4 32 50 -0.531692 0.288175
4 32 55 0 0
4 32 60 1.57523 0.0754529
4 32 65 0 0
4 32 70 -1.36568 0.271326
4 32 75 -2.29023 0.511226
4 32 80 -1.38109 0.0547873
4 32 85 0 0
4 32 90 0 0
5 32 0 -1.82993 0.245821
5 32 5 0.0113328 0.0693526
5 32 10 -0.00510249 0.06433
5 32 15 0.963031 0.449913
5 32 20 0.251979 0.247381
5 32 25 0 0
5 32 30 -3.04527 0.261928
5 32 35 0 0
5 32 40 -1.54975 0.245974
5 32 45 0 0
5 32 50 0.411527 0.25876
5 32 55 0.411527 0.25876
5 32 60 -0.692117 0.251589
5 32 65 -0.692117 0.251589
5 32 70 -0.558154 0.247277
5 32 75 -0.558154 0.247277
5 32 80 -1.82993 0.245821
5 32 85 -1.82993 0.245821
5 32 90 -1.82993 0.245821
6 32 0 -0.133285 0.333295
6 32 5 0.0264882 0.0866133
6 32 10 0.0198015 0.0699802
6 32 15 0.085 0.0816164
6 32 20 0 0
6 32 25 -1.63458 0.249922
6 32 30 0 0
6 32 35 -1.54975 0.245974
6 32 40 0.0916992 0.24716
6 32 45 -1.82993 0.245821
6 32 50 -1.98479 0.0213754
6 32 55 -1.7401 0.252819
6 32 60 0 0
6 32 65 1.15352 0.248581
6 32 70 -1.4035 2.98023e-08
6 32 75 0 0
6 32 80 -1.82993 0.245821
6 32 85 -1.82993 0.245821
6 32 90 0 0
7 32 0 0.00881324 0.0815043
7 32 5 -0.0211232 0.0735613
7 32 10 -0.389197 0.46662
7 32 15 -1.37709 0.377045
7 32 20 0 0
7 32 25 1.15352 0.248581
7 32 30 1.15352 0.248581
7 32 35 -1.99673 0.0051087
7 32 40 -1.7401 0.252819
7 32 45 -1.7401 0.252819
7 32 50 0 0
7 32 55 -1.47997 0.252902
7 32 60 -1.09994 0.252916
7 32 65 -1.09994 0.252916
7 32 70 -1.09994 0.252916
7 32 75 -1.09994 0.252916
7 32 80 -1.09994 0.252916
7 32 85 0 0
7 32 90 0 0
1 50 0 0.0026733 0.0558375
1 50 5 0.000476146 0.0488784
1 50 10 0.000428957 0.0493339
1 50 15 0.000254282 0.0499156
1 50 20 0.000587559 0.0500274
1 50 25 0.000577671 0.0501001
1 50 30 0.000807826 0.0502031
1 50 35 0.000867102 0.0505488
1 50 40 0.000937847 0.0510552
1 50 45 0.00103806 0.0503633
1 50 50 0.00180755 0.0493409
1 50 55 0.00193967 0.0491133
1 50 60 0.0019271 0.0487741
1 50 65 0.00195012 0.0501138
1 50 70 0.00394716 0.0519862
1 50 75 0.00566534 0.0533996
1 50 80 0.00604646 0.0553221
1 50 85 0.00677496 0.057331
1 50 90 0.0032162 0.0524842
2 50 0 0.0287676 0.0788203
2 50 5 -0.00144617 0.0436287
2 50 10 -0.00193239 0.0479421
2 50 15 -0.00249873 0.0497303
2 50 20 -0.000355343 0.0494705
2 50 25 -0.000105596 0.0491369
2 50 30 0.000711323 0.0513931
2 50 35 0.000449659 0.051487
2 50 40 0.00059581 0.0527286
2 50 45 0.000599273 0.051245
2 50 50 0.00135178 0.0501171
2 50 55 0.00187407 0.0502093
2 50 60 0.00189685 0.0498817
2 50 65 0.00193601 0.0511579
2 50 70 0.00340268 0.0517115
2 50 75 0.00559871 0.0532812
2 50 80 0.005863 0.0552195
2 50 85 0.00649114 0.0569372
2 50 90 0.00290797 0.0525918
3 50 0 -0.0112951 0.0380407
3 50 5 -0.000314165 0.0459865
3 50 10 0.00156121 0.0464295
3 50 15 0.00190659 0.0502345
3 50 20 0.00170906 0.0506091
3 50 25 0.00140837 0.0497449
3 50 30 0.000864853 0.0468979
3 50 35 0.00345975 0.0484648
3 50 40 0.00316324 0.0477631
3 50 45 0.00414124 0.0464854
3 50 50 0.00372849 0.0431347
3 50 55 0.00298377 0.0422229
3 50 60 0.00261028 0.0412
3 50 65 0.00293033 0.0412116
3 50 70 0.0031173 0.0494115
3 50 75 0.0106628 0.0601998
3 50 80 0.0173375 0.0674046
3 50 85 -0.00461924 0.0712575
3 50 90 0.0320031 0.0596531
4 50 0 0.00378442 0.0497377
4 50 5 0.00189329 0.0501256
4 50 10 0.000787205 0.0560075
4 50 15 0.00184041 0.0528193
4 50 20 0.00263129 0.0566602
4 50 25 -5.62294e-05 0.0542654
4 50 30 0.00051351 0.0632566
4 50 35 -0.000119619 0.0484368
4 50 40 -0.03286 0.0729752
4 50 45 -0.0462347 0.0564567
4 50 50 -0.0415499 0.0529852
4 50 55 -0.0561392 0.122481
4 50 60 0 0
4 50 65 0 0
4 50 70 0 0
4 50 75 -1.625 0.0629848
4 50 80 0 0
4 50 85 0.473854 0.22489
4 50 90 0.511528 0.25876
5 50 0 -1.53835 0.247119
5 50 5 0.0062594 0.0598198
5 50 10 0.00748708 0.0477517
5 50 15 0.0114372 0.0452952
5 50 20 -1.47499 0.361541
5 50 25 0.751438 0.332848
5 50 30 -0.465559 0.163908
5 50 35 0 0
5 50 40 -0.740764 0.233878
5 50 45 0 0
5 50 50 0.0916992 0.24716
5 50 55 -1.82993 0.245821
5 50 60 0 0
5 50 65 -0.577997 0.2474
5 50 70 -1.82993 0.245821
5 50 75 0 0
5 50 80 -1.82993 0.245821
5 50 85 -1.82993 0.245821
5 50 90 0 0
6 50 0 -0.0265577 0.237132
6 50 5 0.00626938 0.0563829
6 50 10 0.0102151 0.0629971
6 50 15 0.884565 0.401773
6 50 20 0 0
6 50 25 0.255088 0.255716
6 50 30 -0.607791 0.247635
6 50 35 -0.712104 0.251598
6 50 40 -1.82993 0.245821
6 50 45 -1.82993 0.245821
6 50 50 -1.82993 0.245821
6 50 55 -1.82993 0.245821
6 50 60 -1.82993 0.245821
6 50 65 -1.82993 0.245821
6 50 70 -1.82993 0.245821
6 50 75 -1.82993 0.245821
6 50 80 -1.82993 0.245821
6 50 85 -1.82993 0.245821
6 50 90 -1.82993 0.245821
7 50 0 0.00673564 0.0587806
7 50 5 0.0225059 0.0817598
7 50 10 -0.558923 0.418987
7 50 15 0 0
7 50 20 0 0
7 50 25 -1.09093 0.252359
7 50 30 -1.09093 0.252359
7 50 35 -1.09093 0.252359
7 50 40 -1.09093 0.252359
7 50 45 -0.665 0.100031
7 50 50 -0.577997 0.2474
7 50 55 -0.577997 0.2474
7 50 60 -0.577997 0.2474
7 50 65 -1.4035 2.98023e-08
7 50 70 0 0
7 50 75 -1.82993 0.245821
7 50 80 0 0
7 50 85 0 0
7 50 90 0 0
1 100 0 0.000170146 0.0335148
1 100 5 -0.00025046 0.0310341
1 100 10 -4.83943e-05 0.030827
1 100 15 8.40948e-05 0.0309391
1 100 20 0.000204664 0.0311532
1 100 25 0.000260582 0.0312719
1 100 30 0.000351263 0.0310852
1 100 35 0.000308862 0.0307269
1 100 40 0.000611344 0.0307888
1 100 45 0.000724292 0.0309301
1 100 50 0.000962719 0.0311093
1 100 55 0.00121576 0.0317568
1 100 60 0.00160739 0.0319191
1 100 65 0.00148514 0.0326451
1 100 70 0.00103127 0.0324522
1 100 75 0.000840161 0.0318886
1 100 80 0.00116435 0.0332507
1 100 85 0.00126782 0.033679
1 100 90 0.00165869 0.0339761
2 100 0 -0.101204 0.0721903
2 100 5 -0.00257769 0.0305833
2 100 10 -0.000833238 0.0300988
2 100 15 -0.000462079 0.0301364
2 100 20 -5.16354e-05 0.0307146
2 100 25 -9.78933e-06 0.0308887
2 100 30 4.46271e-05 0.0308546
2 100 35 0.00020508 0.0304199
2 100 40 0.000756466 0.0304963
2 100 45 0.0010002 0.0304027
2 100 50 0.00127317 0.0306727
2 100 55 0.00152099 0.0305639
2 100 60 0.00186912 0.0308894
2 100 65 0.00168832 0.0322406
2 100 70 0.00111239 0.032446
2 100 75 0.000794094 0.0317413
2 100 80 0.00118881 0.033232
2 100 85 0.0016105 0.0332304
2 100 90 0.00179051 0.0337939
3 100 0 0.0100451 0.0524213
3 100 5 4.25226e-05 0.0316721
3 100 10 8.12405e-05 0.03105
3 100 15 0.000727164 0.0313736
3 100 20 0.000809141 0.0321156
3 100 25 0.000707988 0.0321613
3 100 30 0.000999239 0.0321042
3 100 35 0.000872373 0.0318017
3 100 40 0.000117866 0.0318686
3 100 45 -0.000118524 0.0324796
3 100 50 -0.000576812 0.0328341
3 100 55 -0.000874343 0.0328142
3 100 60 -0.000871845 0.03349
3 100 65 -0.000221161 0.0315439
3 100 70 0.000235536 0.0325846
3 100 75 0.000474806 0.0331453
3 100 80 0.000379782 0.0276309
3 100 85 6.01043e-05 0.0298935
3 100 90 -0.0205648 0.0630489
4 100 0 -0.000887339 0.0307755
4 100 5 -0.000131677 0.0308091
4 100 10 -0.000182373 0.0324863
4 100 15 -0.00108074 0.0341603
4 100 20 -0.00299064 0.0345556
4 100 25 -0.00704391 0.0261691
4 100 30 -0.009389 0.0263088
4 100 35 -0.00593763 0.0297494
4 100 40 -0.00635472 0.0230245
4 100 45 0.00199501 0.0271232
4 100 50 -0.00371136 0.0310587
4 100 55 -0.00321334 0.0577014
4 100 60 -0.0182899 0.049324
4 100 65 0 0
4 100 70 -1.77997 0.245789
4 100 75 0 0
4 100 80 -1.61677 0.239093
4 100 85 -1.61677 0.239093
4 100 90 1.716 0.250325
5 100 0 0.0128159 0.124521
5 100 5 0.00115276 0.0325666
5 100 10 0.00170375 0.0364089
5 100 15 -0.0108302 0.0237669
5 100 20 -0.0101274 0.0189881
5 100 25 -0.00937416 0.024999
5 100 30 0.181527 0.258759
5 100 35 0.07 0.0166718
5 100 40 0 0
5 100 45 -1.82993 0.245821
5 100 50 0 0
5 100 55 -1.82993 0.245821
5 100 60 -1.82993 0.245821
5 100 65 -1.82993 0.245821
5 100 70 -1.82993 0.245821
5 100 75 0 0
5 100 80 -1.82993 0.245821
5 100 85 -1.82993 0.245821
5 100 90 -1.82993 0.245821
6 100 0 0.00385524 0.0389841
6 100 5 0.000542385 0.0356602
6 100 10 -0.0146302 0.0444479
6 100 15 -0.0628794 0.206031
6 100 20 0 0
6 100 25 1.19881 0.244723
6 100 30 -1.82993 0.245821
6 100 35 -1.82993 0.245821
6 100 40 0 0
6 100 45 -1.82993 0.245821
6 100 50 -1.82993 0.245821
6 100 55 -1.82993 0.245821
6 100 60 -1.82993 0.245821
6 100 65 -0.108472 0.25876
6 100 70 -1.17475 0.241316
6 100 75 -1.82993 0.245821
6 100 80 -1.82993 0.245821
6 100 85 -1.82993 0.245821
6 100 90 0 0
7 100 0 0.000465971 0.0328354
7 100 5 -0.0126903 0.117987
7 100 10 -0.439827 0.261856
7 100 15 0 0
7 100 20 -1.61677 0.239093
7 100 25 -1.61677 0.239093
7 100 30 -1.61677 0.239093
7 100 35 -1.61677 0.239093
7 100 40 -1.61677 0.239093
7 100 45 -1.61677 0.239093
7 100 50 -1.61677 0.239093
7 100 55 -1.61677 0.239093
7 100 60 -1.61677 0.239093
7 100 65 -1.61677 0.239093
7 100 70 -1.61677 0.239093
7 100 75 -1.61677 0.239093
7 100 80 -1.61677 0.239093
7 100 85 -1.61677 0.239093
7 100 90 0 0
1 150 0 -0.000108113 0.0314278
1 150 5 -0.00064753 0.0282852
1 150 10 -0.000497044 0.0283714
1 150 15 -0.000194423 0.0286449
1 150 20 0.000247498 0.0287131
1 150 25 0.000839478 0.028465
1 150 30 0.000787093 0.029051
1 150 35 0.00131668 0.0289641
1 150 40 0.00152111 0.0290408
1 150 45 0.00182605 0.0294928
1 150 50 0.00208215 0.0293607
1 150 55 0.00183378 0.0298122
1 150 60 0.00208915 0.0302082
1 150 65 0.00172346 0.0309855
1 150 70 0.00176267 0.0313582
1 150 75 0.0019399 0.0311521
1 150 80 0.00157734 0.0317863
1 150 85 0.00148155 0.0307218
1 150 90 0.00115685 0.03139
2 150 0 -0.0172788 0.0377281
2 150 5 -0.00151591 0.0291536
2 150 10 -0.0029045 0.0273902
2 150 15 -0.00220382 0.0280117
2 150 20 -0.00141978 0.0274872
2 150 25 -0.000499859 0.0276541
2 150 30 -0.000104991 0.0278962
2 150 35 0.000628289 0.0283472
2 150 40 0.00128171 0.0280516
2 150 45 0.00172187 0.0287362
2 150 50 0.00215315 0.0288844
2 150 55 0.00142121 0.0297415
2 150 60 0.00206478 0.0297485
2 150 65 0.00195448 0.0304198
2 150 70 0.00209324 0.0311864
2 150 75 0.00201764 0.0307323
2 150 80 0.00167911 0.0316917
2 150 85 0.00155556 0.0305893
2 150 90 0.00117775 0.0313669
3 150 0 0.00471306 0.038556
3 150 5 0.000242926 0.0303522
3 150 10 0.000290564 0.0284941
3 150 15 0.00102818 0.0289923
3 150 20 0.0021131 0.0298544
3 150 25 0.00239754 0.0299359
3 150 30 0.00257334 0.0311189
3 150 35 0.00306599 0.0316893
3 150 40 0.00283781 0.032878
3 150 45 0.00259035 0.0333154
3 150 50 0.002051 0.0330626
3 150 55 0.00223156 0.0334825
3 150 60 0.00248085 0.0342172
3 150 65 0.00102283 0.0365891
3 150 70 0.00046959 0.0375172
3 150 75 -0.000894456 0.0429692
3 150 80 0.000396856 0.0385543
3 150 85 -0.00105989 0.04309
3 150 90 0.00688791 0.0404206
4 150 0 -0.00119254 0.0274189
4 150 5 -0.00100146 0.0262951
4 150 10 -9.49098e-05 0.0294849
4 150 15 0.000516325 0.026536
4 150 20 -0.00534815 0.0370901
4 150 25 0.00290176 0.0316425
4 150 30 -0.458289 0.243141
4 150 35 -0.0368242 0.072768
4 150 40 -0.486111 0.28963
4 150 45 -0.20092 0.134698
4 150 50 0 0
4 150 55 -1.18 0.0169866
4 150 60 -2.29271 0.290261
4 150 65 0 0
4 150 70 -1.80999 0.245768
4 150 75 -1.80999 0.245768
4 150 80 0 0
4 150 85 0 0
4 150 90 0 0
5 150 0 0.00601724 0.0284486
5 150 5 -0.000814745 0.0278237
5 150 10 -0.00121942 0.0331666
5 150 15 -0.0086289 0.0236345
5 150 20 0.00329278 0.0261257
5 150 25 -0.010985 0.0104384
5 150 30 -0.01 0.111799
5 150 35 0.171527 0.258759
5 150 40 0.171527 0.258759
5 150 45 0.171527 0.258759
5 150 50 -1.82993 0.245821
5 150 55 -1.82993 0.245821
5 150 60 0 0
5 150 65 -1.82993 0.245821
5 150 70 0 0
5 150 75 -1.82993 0.245821
5 150 80 0 0
5 150 85 0 0
5 150 90 -0.378469 0.258761
6 150 0 0.00336049 0.0363508
6 150 5 -0.0023962 0.0268682
6 150 10 -0.000254526 0.0222756
6 150 15 0 0
6 150 20 -1.52689 0.248289
6 150 25 -0.751241 0.23317
6 150 30 0.391527 0.25876
6 150 35 0.391527 0.25876
6 150 40 -1.82993 0.245821
6 150 45 0 0
6 150 50 -1.82993 0.245821
6 150 55 0.531528 0.25876
6 150 60 -1.82993 0.245821
6 150 65 -1.82993 0.245821
6 150 70 -1.82993 0.245821
6 150 75 -1.82993 0.245821
6 150 80 -1.82993 0.245821
6 150 85 -0.378469 0.258761
6 150 90 -1.82993 0.245821
7 150 0 -0.00185397 0.0271047
7 150 5 -0.00761957 0.143609
7 150 10 0 0
7 150 15 -1.00968 0.246033
7 150 20 -1.00968 0.246033
7 150 25 -1.00968 0.246033
7 150 30 -1.00968 0.246033
7 150 35 -1.00968 0.246033
7 150 40 -1.00968 0.246033
7 150 45 -1.00968 0.246033
7 150 50 -1.00968 0.246033
7 150 55 -1.00968 0.246033
7 150 60 -1.00968 0.246033
7 150 65 -1.00968 0.246033
7 150 70 -1.00968 0.246033
7 150 75 -1.00968 0.246033
7 150 80 -1.00968 0.246033
7 150 85 -1.82993 0.245821
7 150 90 0 0
1 200 0 -0.000298581 0.0307828
1 200 5 -0.000231409 0.0273993
1 200 10 -9.81414e-06 0.0274572
1 200 15 0.000184814 0.0274716
1 200 20 0.000426698 0.0275051
1 200 25 0.000600392 0.0275637
1 200 30 0.000839216 0.0274846
1 200 35 0.00102229 0.027601
1 200 40 0.00116025 0.027786
1 200 45 0.00118117 0.028026
1 200 50 0.0013068 0.0280448
1 200 55 0.00141326 0.0281484
1 200 60 0.00138462 0.0281309
1 200 65 0.00145361 0.0280811
1 200 70 0.00163819 0.0278898
1 200 75 0.00191574 0.0280489
1 200 80 0.00191959 0.0283516
1 200 85 0.00170018 0.0282367
1 200 90 0.00173635 0.0279101
2 200 0 0.00558638 0.0303973
2 200 5 -0.000575829 0.0288625
2 200 10 -0.000598214 0.027059
2 200 15 -0.000411459 0.0266834
2 200 20 2.27076e-05 0.0265179
2 200 25 0.000237162 0.0268206
2 200 30 0.000581588 0.0268209
2 200 35 0.00087027 0.0271071
2 200 40 0.00104319 0.0272744
2 200 45 0.00108936 0.0276115
2 200 50 0.00123821 0.0275747
2 200 55 0.00142405 0.0277222
2 200 60 0.00138519 0.0277796
2 200 65 0.00138111 0.0277536
2 200 70 0.00154758 0.0275844
2 200 75 0.00189145 0.0278286
2 200 80 0.00186324 0.0282682
2 200 85 0.00170284 0.0281936
2 200 90 0.00172021 0.0279611
3 200 0 0.00295989 0.0308368
3 200 5 0.000624368 0.0284218
3 200 10 0.000375543 0.0278369
3 200 15 0.000704847 0.0280034
3 200 20 0.000958353 0.0285557
3 200 25 0.00129827 0.0287496
3 200 30 0.00148713 0.0289876
3 200 35 0.00157047 0.0290517
3 200 40 0.0016007 0.0310842
3 200 45 0.00144516 0.0313258
3 200 50 0.00166402 0.0320734
3 200 55 0.0014462 0.0323399
3 200 60 0.00199229 0.0326504
3 200 65 0.00280684 0.0338442
3 200 70 0.00488158 0.0338595
3 200 75 0.00323466 0.0319763
3 200 80 0.00458615 0.0313484
3 200 85 0.000671547 0.0305828
3 200 90 0.00264777 0.0301328
4 200 0 -0.00260224 0.0250507
4 200 5 -0.00115098 0.0252097
4 200 10 -0.000859744 0.0259047
4 200 15 -0.00106331 0.0282635
4 200 20 0.00204686 0.03101
4 200 25 -0.00142285 0.0263792
4 200 30 0.00304354 0.0302481
4 200 35 -0.00136496 0.0341738
4 200 40 -0.00734244 0.0346693
4 200 45 -0.00766446 0.0348063
4 200 50 -0.000141819 0.0672096
4 200 55 0 0
4 200 60 1.16363 0.0910722
4 200 65 1.16495 0.0892195
4 200 70 1.14626 0.0156361
4 200 75 0 0
4 200 80 0.055 0.0679291
4 200 85 1.00035 0.326898
4 200 90 0 0
5 200 0 -7.35169e-06 0.0336729
5 200 5 -0.00318756 0.0295675
5 200 10 -0.0430092 0.0665451
5 200 15 0.000751279 0.0263191
5 200 20 0.0254421 0.0653939
5 200 25 -0.0207344 0.0422227
5 200 30 0 0
5 200 35 0 0
5 200 40 0.70153 0.258761
5 200 45 0.70153 0.258761
5 200 50 -1.82993 0.245821
5 200 55 -1.82993 0.245821
5 200 60 0 0
5 200 65 -1.82993 0.245821
5 200 70 -0.668279 0.247177
5 200 75 1.98625 0.0321751
5 200 80 0 0
5 200 85 0.0715268 0.25876
5 200 90 -1.82993 0.245821
6 200 0 0.00156828 0.0321102
6 200 5 -0.00335642 0.0279529
6 200 10 0.0197893 0.064571
6 200 15 0 0
6 200 20 0 0
6 200 25 0 0
6 200 30 -0.750777 0.252456
6 200 35 0.411527 0.25876
6 200 40 0.411527 0.25876
6 200 45 -1.82993 0.245821
6 200 50 -1.82993 0.245821
6 200 55 0 0
6 200 60 -1.82993 0.245821
6 200 65 -0.84 0.00555728
6 200 70 0 0
6 200 75 -0.05 0.0833592
6 200 80 0.0715268 0.25876
6 200 85 -1.82993 0.245821
6 200 90 -1.82993 0.245821
7 200 0 -0.00420715 0.0256073
7 200 5 0.0288793 0.118193
7 200 10 0 0
7 200 15 2.12054 0.253202
7 200 20 2.12054 0.253202
7 200 25 2.12054 0.253202
7 200 30 2.12054 0.253202
7 200 35 0 0
7 200 40 -0.668279 0.247177
7 200 45 -0.668279 0.247177
7 200 50 -0.668279 0.247177
7 200 55 -0.668279 0.247177
7 200 60 -0.668279 0.247177
7 200 65 0 0
7 200 70 0.0715268 0.25876
7 200 75 0 0
7 200 80 0 0
7 200 85 -1.82993 0.245821
7 200 90 0 0
1 250 0 -0.000807333 0.030505
1 250 5 -0.00028303 0.0271424
1 250 10 -0.00026283 0.0279056
1 250 15 -0.000138237 0.027243
1 250 20 -3.56991e-05 0.0279839
1 250 25 0.00010137 0.0281884
1 250 30 0.000252545 0.0273979
1 250 35 0.000402499 0.0275101
1 250 40 0.000560719 0.0285807
1 250 45 0.00066374 0.0287154
1 250 50 0.00060016 0.0286979
1 250 55 0.000753567 0.0287961
1 250 60 0.000778296 0.0280146
1 250 65 0.000772813 0.0280082
1 250 70 0.000861904 0.0281218
1 250 75 0.000498168 0.0282223
1 250 80 0.000694438 0.0278362
1 250 85 0.00113344 0.0284029
1 250 90 0.0013332 0.027644
2 250 0 0.00281983 0.0271459
2 250 5 -0.00096021 0.027638
2 250 10 -0.000918547 0.0273881
2 250 15 -0.00105802 0.0274636
2 250 20 -0.000658099 0.0277045
2 250 25 -0.000385836 0.027947
2 250 30 -0.000140547 0.0267598
2 250 35 6.84604e-05 0.02713
2 250 40 0.000263046 0.0283773
2 250 45 0.000449388 0.0285163
2 250 50 0.000422553 0.0285365
2 250 55 0.00062183 0.0287314
2 250 60 0.000710978 0.0279908
2 250 65 0.00101972 0.0285721
2 250 70 0.00080223 0.0280488
2 250 75 0.000469066 0.0282418
2 250 80 0.000746662 0.0279026
2 250 85 0.00122172 0.0285901
2 250 90 0.00137014 0.0277624
3 250 0 0.0017776 0.0297658
3 250 5 0.000490183 0.0278117
3 250 10 0.000306055 0.0277806
3 250 15 0.000767151 0.0280737
3 250 20 0.00124829 0.0281995
3 250 25 0.00156855 0.0283532
3 250 30 0.0012386 0.029721
3 250 35 0.00131132 0.0296046
3 250 40 0.00259465 0.0281421
3 250 45 0.00274379 0.0286153
3 250 50 0.00177356 0.0293924
3 250 55 0.00173378 0.0289139
3 250 60 0.00187214 0.0302846
3 250 65 0.0021496 0.0305384
3 250 70 0.00243497 0.0313735
3 250 75 0.00159846 0.0303249
3 250 80 0.00102572 0.0292955
3 250 85 2.43201e-05 0.027815
3 250 90 0.00363783 0.0253092
4 250 0 -0.00304441 0.0244563
4 250 5 -0.00176421 0.0263875
4 250 10 -0.00214813 0.0264791
4 250 15 -0.00219296 0.0231942
4 250 20 -0.00446249 0.024389
4 250 25 -0.00318711 0.0253866
4 250 30 -0.00580049 0.0194188
4 250 35 -0.00719166 0.0218315
4 250 40 -0.0110564 0.0266125
4 250 45 -0.00732914 0.0152549
4 250 50 -0.00667621 0.0116694
4 250 55 -0.000705587 0.0326602
4 250 60 -0.00644237 0.0439694
4 250 65 -0.00446143 0.0484542
4 250 70 0 0
4 250 75 -1.6578 0.0498067
4 250 80 0 0
4 250 85 1.05788 0.251589
4 250 90 -0.775 0.0333437
5 250 0 0 0
5 250 5 -0.00257439 0.0277583
5 250 10 -0.00760526 0.0216546
5 250 15 0.000988314 0.0200314
5 250 20 0 0
5 250 25 0 0
5 250 30 -1.23486 0.241198
5 250 35 -0.02 0.0166718
5 250 40 0 0
5 250 45 0.153259 0.223833
5 250 50 -1.82993 0.245821
5 250 55 -1.82993 0.245821
5 250 60 -0.158472 0.25876
5 250 65 -1.82993 0.245821
5 250 70 -1.82993 0.245821
5 250 75 -1.82993 0.245821
5 250 80 -1.82993 0.245821
5 250 85 -1.82993 0.245821
5 250 90 -1.82993 0.245821
6 250 0 -0.000353636 0.0302979
6 250 5 -0.000388788 0.030826
6 250 10 -0.00120732 0.0408589
6 250 15 0 0
6 250 20 0 0
6 250 25 -1.80999 0.245768
6 250 30 0 0
6 250 35 0.153259 0.223833
6 250 40 -1.04576 0.249097
6 250 45 -1.82993 0.245821
6 250 50 0 0
6 250 55 -1.82993 0.245821
6 250 60 -1.82993 0.245821
6 250 65 0 0
6 250 70 -1.82993 0.245821
6 250 75 -1.82993 0.245821
6 250 80 -1.82993 0.245821
6 250 85 -1.82993 0.245821
6 250 90 -1.82993 0.245821
7 250 0 -0.00576229 0.0252883
7 250 5 0.00110051 0.0100116
7 250 10 0 0
7 250 15 -1.04576 0.249097
7 250 20 -1.04576 0.249097
7 250 25 -1.04576 0.249097
7 250 30 -1.04576 0.249097
7 250 35 -1.04576 0.249097
7 250 40 -0.158472 0.25876
7 250 45 -0.158472 0.25876
7 250 50 -0.158472 0.25876
7 250 55 -0.158472 0.25876
7 250 60 1.94427 0.240256
7 250 65 1.94427 0.240256
7 250 70 1.94427 0.240256
7 250 75 1.94427 0.240256
7 250 80 1.94427 0.240256
7 250 85 -1.82993 0.245821
7 250 90 0 0
