17 20 0 0.00141037 0.184345
18 20 0 -0.0551695 0.181888
19 20 0 -0.014904 0.190413
20 20 0 0.0016109 0.163263
21 20 0 -0.00392931 0.164454
22 20 0 0.0063472 0.15823
23 20 0 -0.0113963 0.164194
17 32 0 0.00319476 0.143341
18 32 0 -0.00417671 0.178148
19 32 0 0.00529878 0.156922
20 32 0 0.00207404 0.148103
21 32 0 -0.000545416 0.130037
22 32 0 0.00140628 0.129114
23 32 0 -0.00713556 0.169095
17 50 0 0.00166572 0.119011
18 50 0 -0.00136789 0.151953
19 50 0 -0.00312127 0.1311
20 50 0 -0.00193565 0.113557
21 50 0 0.000763922 0.105971
22 50 0 -0.00144031 0.117366
23 50 0 0.00143542 0.145418
17 100 0 0.000524365 0.0683659
18 100 0 0.00113565 0.104641
19 100 0 0.0010799 0.082335
20 100 0 0.00037556 0.0809301
21 100 0 0.00109985 0.097125
22 100 0 0.000407053 0.0969998
23 100 0 -0.000200758 0.107232
17 150 0 0.000807893 0.053087
18 150 0 0.00122796 0.0788051
19 150 0 0.00102377 0.0567529
20 150 0 0.000946155 0.0677691
21 150 0 0.00166413 0.097211
22 150 0 0.000907891 0.0939435
23 150 0 0.00154926 0.0934596
17 200 0 0.000728059 0.051151
18 200 0 0.000976964 0.0574574
19 200 0 0.000867504 0.0567739
20 200 0 0.000869901 0.0736798
21 200 0 0.000632476 0.0877411
22 200 0 0.000431067 0.0785713
23 200 0 0.000857425 0.0705656
17 250 0 0.000821523 0.0451144
18 250 0 0.000901917 0.050249
19 250 0 0.000689239 0.0455149
20 250 0 0.000697403 0.0547578
21 250 0 0.000583796 0.0678254
22 250 0 0.00182276 0.0748383
23 250 0 0.00122137 0.074022
