17 20 0 10.1534 0.171855
18 20 0 10.5209 0.00555155
19 20 0 10.0759 0.202188
20 20 0 10.1849 0.17169
21 20 0 10.1411 0.165068
22 20 0 10.0593 0.159456
23 20 0 10.2418 0.184533
17 32 0 10.1587 0.142745
18 32 0 10.3589 0.225361
19 32 0 10.0797 0.157389
20 32 0 10.1857 0.145353
21 32 0 10.1444 0.130448
22 32 0 10.0543 0.128939
23 32 0 10.1988 0.165876
17 50 0 10.1738 0.120782
18 50 0 10.3518 0.167981
19 50 0 10.0869 0.13643
20 50 0 10.1904 0.115159
21 50 0 10.1485 0.107768
22 50 0 10.0656 0.118989
23 50 0 10.2194 0.145409
17 100 0 10.1498 0.0754639
18 100 0 10.3602 0.111415
19 100 0 10.0908 0.0871375
20 100 0 10.2014 0.0862088
21 100 0 10.1754 0.102882
22 100 0 10.0966 0.104244
23 100 0 10.2425 0.111597
17 150 0 10.1514 0.0642209
18 150 0 10.3518 0.0832906
19 150 0 10.0762 0.0641995
20 150 0 10.2093 0.0773055
21 150 0 10.2 0.102606
22 150 0 10.1228 0.103548
23 150 0 10.2532 0.100789
17 200 0 10.1665 0.0649475
18 200 0 10.3361 0.0607365
19 200 0 10.0908 0.0663446
20 200 0 10.2262 0.0821605
21 200 0 10.2042 0.0979332
22 200 0 10.1207 0.0938432
23 200 0 10.2444 0.0796923
17 250 0 10.1672 0.0594456
18 250 0 10.3367 0.0555891
19 250 0 10.0816 0.0539044
20 250 0 10.2144 0.0701336
21 250 0 10.1918 0.0819879
22 250 0 10.1305 0.0913879
23 250 0 10.2609 0.0834729
