17 20 0 0.00356301 0.136666
18 20 0 -0.00476668 0.152685
19 20 0 0.00230822 0.143559
20 20 0 -0.00522614 0.135581
21 20 0 -0.00262382 0.126332
22 20 0 -0.00119747 0.128864
23 20 0 -0.00438965 0.136227
17 32 0 -0.000772545 0.114618
18 32 0 0.000886359 0.129608
19 32 0 0.00193776 0.120783
20 32 0 0.00294352 0.115332
21 32 0 0.000150128 0.105538
22 32 0 0.00129056 0.108755
23 32 0 0.00308746 0.130391
17 50 0 6.38463e-06 0.0932348
18 50 0 0.00226262 0.114579
19 50 0 0.0029118 0.107536
20 50 0 0.00145652 0.0932329
21 50 0 0.00112037 0.0832006
22 50 0 0.000361635 0.0946401
23 50 0 0.00305556 0.114377
17 100 0 0.000786935 0.0387974
18 100 0 0.00159831 0.075381
19 100 0 0.000855901 0.0636376
20 100 0 0.000445818 0.0748558
21 100 0 6.44658e-05 0.0891387
22 100 0 0.00102088 0.0912104
23 100 0 0.00206393 0.091495
17 150 0 0.000271083 0.0349254
18 150 0 0.000853643 0.0604301
19 150 0 0.000224906 0.0505173
20 150 0 0.0010047 0.0726845
21 150 0 0.00106163 0.0933339
22 150 0 0.000740335 0.090846
23 150 0 0.000637609 0.0841209
17 200 0 2.79094e-05 0.0388134
18 200 0 -9.70082e-05 0.0446079
19 200 0 -0.000181548 0.0465683
20 200 0 0.000202981 0.073752
21 200 0 0.0012467 0.0907167
22 200 0 0.00225027 0.0943621
23 200 0 0.00056928 0.0813549
17 250 0 -0.000110736 0.0426335
18 250 0 6.56906e-05 0.0465772
19 250 0 0.000150885 0.0529654
20 250 0 -0.000198517 0.0662425
21 250 0 0.000661296 0.0729254
22 250 0 0.00184134 0.0811025
23 250 0 0.000954715 0.0749033
