17 0.01 10.2378 0.135685
17 0.03 10.2084 0.0779418
17 0.05 10.1825 0.0635362
17 0.07 10.164 0.0585884
17 0.09 10.1515 0.0581348
17 0.11 10.1427 0.0573296
17 0.13 10.135 0.0559337
17 0.15 10.1297 0.05535
17 0.17 10.1242 0.0549549
17 0.19 10.1216 0.0550207
17 0.225 10.1176 0.0522106
17 0.275 10.1139 0.050249
17 0.325 10.1139 0.0475143
17 0.375 10.1126 0.0439805
17 0.44 10.1139 0.0412437
18 0.01 10.4174 0.220254
18 0.03 10.3884 0.109249
18 0.05 10.3647 0.078128
18 0.07 10.3473 0.0721974
18 0.09 10.3334 0.0654666
18 0.11 10.3243 0.0618854
18 0.13 10.3184 0.0627598
18 0.15 10.3156 0.0577215
18 0.17 10.3094 0.0644059
18 0.19 10.3086 0.0589477
18 0.225 10.3058 0.0602145
18 0.275 10.2998 0.0559555
18 0.325 10.2966 0.0510639
18 0.375 10.3033 0.0510026
18 0.44 10.3004 0.0436048
19 0.01 10.1424 0.151482
19 0.03 10.125 0.0852278
19 0.05 10.1039 0.0683684
19 0.07 10.0871 0.0610083
19 0.09 10.0748 0.058131
19 0.11 10.0674 0.0558351
19 0.13 10.0629 0.0568702
19 0.15 10.0555 0.0568182
19 0.17 10.0525 0.0577465
19 0.19 10.0493 0.0554571
19 0.225 10.0464 0.054089
19 0.275 10.0433 0.051411
19 0.325 10.044 0.0471547
19 0.375 10.043 0.0454584
19 0.44 10.0466 0.0343416
20 0.01 10.2585 0.152876
20 0.03 10.2371 0.0851094
20 0.05 10.2153 0.0659282
20 0.07 10.1985 0.0578033
20 0.09 10.187 0.0561238
20 0.11 10.176 0.0532431
20 0.13 10.1687 0.0548364
20 0.15 10.1645 0.051541
20 0.17 10.162 0.0531233
20 0.19 10.1585 0.0485077
20 0.225 10.1545 0.0502782
20 0.275 10.1524 0.0464836
20 0.325 10.1482 0.0432464
20 0.375 10.1487 0.0407435
20 0.44 10.1529 0.0356625
21 0.01 10.2329 0.173152
21 0.03 10.2025 0.0929607
21 0.05 10.173 0.0679401
21 0.07 10.1554 0.0600826
21 0.09 10.141 0.0541588
21 0.11 10.1286 0.0521569
21 0.13 10.1226 0.05239
21 0.15 10.1178 0.0487679
21 0.17 10.1123 0.0470959
21 0.19 10.1087 0.0455145
21 0.225 10.1036 0.0441433
21 0.275 10.1014 0.0408735
21 0.325 10.1002 0.0386326
21 0.375 10.0958 0.0377733
21 0.44 10.1073 0.0360857
22 0.01 10.1403 0.144364
22 0.03 10.1121 0.0809486
22 0.05 10.082 0.0638193
22 0.07 10.064 0.0591089
22 0.09 10.052 0.0560569
22 0.11 10.0408 0.0540585
22 0.13 10.0349 0.0526421
22 0.15 10.0279 0.0509279
22 0.17 10.0264 0.0516022
22 0.19 10.0132 0.0534662
22 0.225 10.0145 0.0484564
22 0.275 10.0103 0.0453163
22 0.325 10.0124 0.046844
22 0.375 10.0021 0.0402535
22 0.44 10.0122 0.0320283
23 0.01 10.2765 0.180238
23 0.03 10.2636 0.0940756
23 0.05 10.2406 0.0709345
23 0.07 10.2224 0.0649228
23 0.09 10.2074 0.0638443
23 0.11 10.2014 0.0582434
23 0.13 10.1951 0.0590548
23 0.15 10.1869 0.0571728
23 0.17 10.1829 0.0578506
23 0.19 10.1804 0.0531488
23 0.225 10.1757 0.0581404
23 0.275 10.1763 0.054052
23 0.325 10.1732 0.0520364
23 0.375 10.182 0.0460419
23 0.44 10.191 0.0448577
