17 0.01 10.167 0.198106
17 0.03 10.1681 0.096136
17 0.05 10.1558 0.0879493
17 0.07 10.1457 0.0839345
17 0.09 10.1301 0.0947991
17 0.11 9.13213 0.600901
17 0.13 10.0942 0.061801
17 0.15 10.045 0.0778019
17 0.17 10.3145 0.240508
17 0.19 10.1425 0.238257
17 0.225 0 0
17 0.275 0 0
17 0.325 0 0
17 0.375 0 0
17 0.44 0 0
18 0.01 10.3347 0.317494
18 0.03 10.3399 0.120175
18 0.05 10.3649 0.12916
18 0.07 10.3638 0.105485
18 0.09 11.3856 0.98409
18 0.11 9.46295 0.392773
18 0.13 10.345 0.0555728
18 0.15 10.3853 0.241358
18 0.17 0 0
18 0.19 0 0
18 0.225 0 0
18 0.275 0 0
18 0.325 0 0
18 0.375 0 0
18 0.44 0 0
19 0.01 10.056 0.223925
19 0.03 10.0788 0.1079
19 0.05 10.0827 0.086932
19 0.07 10.0933 0.0912772
19 0.09 10.0573 0.132704
19 0.11 9.26543 0.508997
19 0.13 10.183 0.238813
19 0.15 10.0413 0.236783
19 0.17 10.2336 0.239485
19 0.19 0 0
19 0.225 0 0
19 0.275 0 0
19 0.325 0 0
19 0.375 0 0
19 0.44 0 0
20 0.01 10.167 0.212346
20 0.03 10.201 0.104761
20 0.05 10.1907 0.0819424
20 0.07 10.1885 0.0747505
20 0.09 10.1783 0.063606
20 0.11 10.1907 0.124896
20 0.13 10.4847 0.230936
20 0.15 9.995 0.0666874
20 0.17 9.17228 0.247688
20 0.19 0 0
20 0.225 10.2133 0.239219
20 0.275 0 0
20 0.325 0 0
20 0.375 0 0
20 0.44 0 0
21 0.01 10.1417 0.19492
21 0.03 10.1505 0.100584
21 0.05 10.1426 0.086441
21 0.07 10.1374 0.0852247
21 0.09 10.1281 0.0772801
21 0.11 10.1412 0.143007
21 0.13 10.0652 0.0872022
21 0.15 10.8448 0.516528
21 0.17 10.2943 0.240258
21 0.19 0 0
21 0.225 0 0
21 0.275 0 0
21 0.325 0 0
21 0.375 0 0
21 0.44 0 0
22 0.01 10.0469 0.160707
22 0.03 10.065 0.104507
22 0.05 10.0544 0.0760076
22 0.07 10.0373 0.0751644
22 0.09 10.0041 0.0667889
22 0.11 10.035 0.17088
22 0.13 10.0146 0.108093
22 0.15 9.985 0.0111146
22 0.17 10.0818 0.237387
22 0.19 10.0211 0.236472
22 0.225 9.77426 0.249108
22 0.275 0 0
22 0.325 0 0
22 0.375 0 0
22 0.44 0 0
23 0.01 10.1781 0.253382
23 0.03 10.2245 0.105847
23 0.05 10.2171 0.101261
23 0.07 10.2191 0.106957
23 0.09 10.2021 0.243221
23 0.11 10.1502 0.625946
23 0.13 10.4156 0.24171
23 0.15 0 0
23 0.17 0 0
23 0.19 0 0
23 0.225 0 0
23 0.275 0 0
23 0.325 0 0
23 0.375 0 0
23 0.44 0 0
