17 0.01 10.2485 0.129141
17 0.03 10.2225 0.0691177
17 0.05 10.1937 0.0537195
17 0.07 10.1748 0.0479986
17 0.09 10.1594 0.0457864
17 0.11 10.1498 0.0445065
17 0.13 10.1394 0.0425359
17 0.15 10.1345 0.0427341
17 0.17 10.13 0.0430063
17 0.19 10.1251 0.0419147
17 0.225 10.1219 0.0412498
17 0.275 10.1176 0.0423975
17 0.325 10.1141 0.0414574
17 0.375 10.1158 0.0396907
17 0.44 10.1174 0.0383864
18 0.01 10.43 0.207641
18 0.03 10.4022 0.0999952
18 0.05 10.3761 0.0680889
18 0.07 10.3555 0.058575
18 0.09 10.34 0.0520044
18 0.11 10.3319 0.0507908
18 0.13 10.3235 0.0488974
18 0.15 10.3165 0.0462869
18 0.17 10.3118 0.0461933
18 0.19 10.3122 0.0476143
18 0.225 10.305 0.0462621
18 0.275 10.3025 0.0474829
18 0.325 10.3021 0.0456361
18 0.375 10.3028 0.0432858
18 0.44 10.3052 0.0415659
19 0.01 10.1595 0.141368
19 0.03 10.1366 0.075272
19 0.05 10.1131 0.0584269
19 0.07 10.095 0.0493617
19 0.09 10.0818 0.0471397
19 0.11 10.0729 0.046167
19 0.13 10.063 0.043144
19 0.15 10.0589 0.0447822
19 0.17 10.0532 0.0426594
19 0.19 10.0519 0.0428271
19 0.225 10.0474 0.042797
19 0.275 10.0444 0.0434692
19 0.325 10.0427 0.0415889
19 0.375 10.045 0.040531
19 0.44 10.047 0.038554
20 0.01 10.2832 0.144056
20 0.03 10.2539 0.0777137
20 0.05 10.2275 0.0574177
20 0.07 10.2098 0.0481063
20 0.09 10.1966 0.0446925
20 0.11 10.1839 0.0436502
20 0.13 10.1773 0.0430568
20 0.15 10.1695 0.0392645
20 0.17 10.1671 0.0372568
20 0.19 10.1608 0.0420239
20 0.225 10.1567 0.0414772
20 0.275 10.1521 0.0360323
20 0.325 10.1514 0.038439
20 0.375 10.1515 0.0377033
20 0.44 10.1537 0.0356739
21 0.01 10.2647 0.174066
21 0.03 10.2246 0.0864968
21 0.05 10.1912 0.0598357
21 0.07 10.1687 0.0505136
21 0.09 10.1497 0.0450266
21 0.11 10.1423 0.0402922
21 0.13 10.1319 0.0422637
21 0.15 10.1194 0.040086
21 0.17 10.1138 0.0370521
21 0.19 10.1114 0.0383317
21 0.225 10.1072 0.0342522
21 0.275 10.1003 0.0372175
21 0.325 10.1009 0.0338702
21 0.375 10.0987 0.0300255
21 0.44 10.1093 0.0322543
22 0.01 10.1676 0.138957
22 0.03 10.1357 0.0747553
22 0.05 10.101 0.0550159
22 0.07 10.0768 0.0455136
22 0.09 10.0591 0.0464823
22 0.11 10.0501 0.0447952
22 0.13 10.0409 0.0416059
22 0.15 10.0287 0.0413971
22 0.17 10.0306 0.0383656
22 0.19 10.0219 0.0341295
22 0.225 10.0179 0.0398707
22 0.275 10.0069 0.0359571
22 0.325 10.0124 0.0353501
22 0.375 10.0033 0.0267234
22 0.44 10.0115 0.0351927
23 0.01 10.2981 0.168566
23 0.03 10.2782 0.086993
23 0.05 10.2498 0.0599529
23 0.07 10.231 0.0544141
23 0.09 10.218 0.0481429
23 0.11 10.2093 0.0472698
23 0.13 10.2013 0.0474466
23 0.15 10.192 0.0442938
23 0.17 10.1866 0.0437744
23 0.19 10.1856 0.0478416
23 0.225 10.1816 0.0450021
23 0.275 10.1799 0.0437498
23 0.325 10.1766 0.0424345
23 0.375 10.1717 0.0399898
23 0.44 10.179 0.0411665
