17 0.01 10.1328 0.216682
17 0.03 10.1716 0.109384
17 0.05 10.1768 0.115589
17 0.07 10.6461 0.563712
17 0.09 10.1601 0.476211
17 0.11 9.17228 0.247688
17 0.13 0 0
17 0.15 0 0
17 0.17 0 0
17 0.19 0 0
17 0.225 0 0
17 0.275 0 0
17 0.325 0 0
17 0.375 0 0
17 0.44 0 0
18 0.01 10.3934 0.31193
18 0.03 10.3695 0.136079
18 0.05 10.3433 0.143005
18 0.07 10.3445 0.0380503
18 0.09 10.3954 0.241476
18 0.11 10.4359 0.241941
18 0.13 0 0
18 0.15 0 0
18 0.17 0 0
18 0.19 0 0
18 0.225 0 0
18 0.275 0 0
18 0.325 0 0
18 0.375 0 0
18 0.44 0 0
19 0.01 10.089 0.221969
19 0.03 10.1 0.124766
19 0.05 10.0629 0.210715
19 0.07 9.85704 0.489834
19 0.09 10.2336 0.239485
19 0.11 0 0
19 0.13 0 0
19 0.15 0 0
19 0.17 0 0
19 0.19 0 0
19 0.225 0 0
19 0.275 0 0
19 0.325 0 0
19 0.375 0 0
19 0.44 0 0
20 0.01 10.1671 0.19844
20 0.03 10.1972 0.110129
20 0.05 10.2257 0.118494
20 0.07 10.132 0.124982
20 0.09 10.205 0.244849
20 0.11 10.183 0.238813
20 0.13 9.17231 0.247642
20 0.15 0 0
20 0.17 0 0
20 0.19 0 0
20 0.225 0 0
20 0.275 0 0
20 0.325 0 0
20 0.375 0 0
20 0.44 0 0
21 0.01 10.131 0.214311
21 0.03 10.1562 0.105965
21 0.05 10.1674 0.114464
21 0.07 10.1476 0.0940798
21 0.09 10.3651 0.241119
21 0.11 0 0
21 0.13 0 0
21 0.15 0 0
21 0.17 0 0
21 0.19 0 0
21 0.225 0 0
21 0.275 0 0
21 0.325 0 0
21 0.375 0 0
21 0.44 0 0
22 0.01 10.0508 0.186623
22 0.03 10.0658 0.112597
22 0.05 10.0413 0.121373
22 0.07 10.3903 0.442216
22 0.09 10.011 0.236315
22 0.11 0 0
22 0.13 0 0
22 0.15 0 0
22 0.17 0 0
22 0.19 0 0
22 0.225 0 0
22 0.275 0 0
22 0.325 0 0
22 0.375 0 0
22 0.44 0 0
23 0.01 10.259 0.235779
23 0.03 10.2306 0.112764
23 0.05 11.421 0.904868
23 0.07 10.1374 0.438374
23 0.09 10.1931 0.23895
23 0.11 10.2943 0.240258
23 0.13 0 0
23 0.15 0 0
23 0.17 0 0
23 0.19 0 0
23 0.225 0 0
23 0.275 0 0
23 0.325 0 0
23 0.375 0 0
23 0.44 0 0
