17 0.01 10.2896 0.151542
17 0.03 10.2482 0.0753758
17 0.05 10.2129 0.0495448
17 0.07 10.1897 0.0414061
17 0.09 10.1738 0.0346076
17 0.11 10.1597 0.0306505
17 0.13 10.1507 0.0304095
17 0.15 10.1441 0.0274976
17 0.17 10.1383 0.0263849
17 0.19 10.1317 0.0253169
17 0.225 10.1271 0.0252507
17 0.275 10.1208 0.0229075
17 0.325 10.1192 0.0231376
17 0.375 10.118 0.0224496
17 0.44 10.1207 0.0217599
18 0.01 10.4773 0.171139
18 0.03 10.4278 0.0819473
18 0.05 10.3894 0.0544458
18 0.07 10.3652 0.0429265
18 0.09 10.3503 0.0366393
18 0.11 10.3381 0.0330126
18 0.13 10.3268 0.0283136
18 0.15 10.3218 0.0265425
18 0.17 10.317 0.0253318
18 0.19 10.3135 0.0253888
18 0.225 10.3084 0.0240515
18 0.275 10.307 0.0219042
18 0.325 10.3051 0.0233728
18 0.375 10.3068 0.0223734
18 0.44 10.3094 0.0216559
19 0.01 10.1728 0.161601
19 0.03 10.1458 0.0806812
19 0.05 10.1187 0.0531085
19 0.07 10.1005 0.0419824
19 0.09 10.0865 0.0337179
19 0.11 10.076 0.0304829
19 0.13 10.0691 0.0283344
19 0.15 10.0631 0.0249264
19 0.17 10.0591 0.025271
19 0.19 10.0557 0.0251374
19 0.225 10.0497 0.0234365
19 0.275 10.0458 0.0222176
19 0.325 10.0461 0.0235218
19 0.375 10.0472 0.0222027
19 0.44 10.051 0.0215971
20 0.01 10.2838 0.183329
20 0.03 10.2627 0.0882051
20 0.05 10.2338 0.0568884
20 0.07 10.2136 0.0448132
20 0.09 10.1965 0.0390926
20 0.11 10.1872 0.031632
20 0.13 10.1781 0.0306284
20 0.15 10.1742 0.030524
20 0.17 10.168 0.0299294
20 0.19 10.1647 0.0270446
20 0.225 10.1605 0.0266598
20 0.275 10.1544 0.0224194
20 0.325 10.1544 0.0216469
20 0.375 10.1523 0.0214568
20 0.44 10.1561 0.0188365
21 0.01 10.2895 0.193672
21 0.03 10.2523 0.0881851
21 0.05 10.2097 0.0591887
21 0.07 10.1827 0.0431563
21 0.09 10.1647 0.0368611
21 0.11 10.1482 0.0339018
21 0.13 10.14 0.0329811
21 0.15 10.1293 0.0270168
21 0.17 10.1271 0.0320398
21 0.19 10.1207 0.0251179
21 0.225 10.1147 0.0255615
21 0.275 10.1111 0.0264777
21 0.325 10.1101 0.0223123
21 0.375 10.1084 0.0213756
21 0.44 10.1129 0.0198128
22 0.01 10.1881 0.164725
22 0.03 10.1525 0.0762275
22 0.05 10.1142 0.0507801
22 0.07 10.088 0.0417553
22 0.09 10.0701 0.0345381
22 0.11 10.0589 0.0330953
22 0.13 10.0461 0.0302853
22 0.15 10.0424 0.0290709
22 0.17 10.038 0.028374
22 0.19 10.0292 0.0257213
22 0.225 10.026 0.0226883
22 0.275 10.0216 0.0240229
22 0.325 10.0199 0.0209131
22 0.375 10.0169 0.0217211
22 0.44 10.0191 0.0211736
23 0.01 10.3224 0.165694
23 0.03 10.2995 0.0857133
23 0.05 10.2685 0.0563271
23 0.07 10.2436 0.0420602
23 0.09 10.2303 0.0342135
23 0.11 10.2174 0.0345224
23 0.13 10.206 0.0285671
23 0.15 10.2006 0.0252596
23 0.17 10.1957 0.027519
23 0.19 10.1914 0.0217743
23 0.225 10.187 0.0246205
23 0.275 10.184 0.0224622
23 0.325 10.1829 0.0257033
23 0.375 10.181 0.0242019
23 0.44 10.1854 0.0225922
