17 0.01 10.1924 0.173709
17 0.03 10.185 0.0938802
17 0.05 10.1622 0.0778993
17 0.07 10.1557 0.0770559
17 0.09 10.1433 0.0709057
17 0.11 10.1354 0.0679859
17 0.13 10.1278 0.0610621
17 0.15 10.1281 0.0465048
17 0.17 10.1093 0.0789187
17 0.19 10.1213 0.0905734
17 0.225 10.1045 0.109764
17 0.275 10.14 0.00555728
17 0.325 0 0
17 0.375 0 0
17 0.44 0 0
18 0.01 10.3386 0.26698
18 0.03 10.3547 0.114923
18 0.05 10.3441 0.0770012
18 0.07 10.3278 0.0761621
18 0.09 10.3261 0.0655877
18 0.11 10.3347 0.0877831
18 0.13 10.2826 0.1248
18 0.15 10.3034 0.134911
18 0.17 10.3667 0.12259
18 0.19 10.4408 0.468568
18 0.225 10.2928 0.180966
18 0.275 10.3651 0.241119
18 0.325 0 0
18 0.375 0 0
18 0.44 0 0
19 0.01 10.0927 0.209476
19 0.03 10.1075 0.0979789
19 0.05 10.095 0.0779203
19 0.07 10.0846 0.0713478
19 0.09 10.0611 0.0723824
19 0.11 10.0591 0.0608085
19 0.13 10.0439 0.0681319
19 0.15 10.064 0.0933832
19 0.17 10.0553 0.216525
19 0.19 10.1012 0.133311
19 0.225 8.99263 0.381287
19 0.275 9.85425 0.249104
19 0.325 10.1324 0.238115
19 0.375 0 0
19 0.44 0 0
20 0.01 10.1957 0.174028
20 0.03 10.2065 0.0962617
20 0.05 10.1984 0.0782202
20 0.07 10.1866 0.0759258
20 0.09 10.1775 0.0702485
20 0.11 10.1722 0.0652693
20 0.13 10.1669 0.0564874
20 0.15 10.1567 0.0649378
20 0.17 10.1511 0.0509526
20 0.19 10.1503 0.0547077
20 0.225 10.1661 0.177983
20 0.275 10.2235 0.239352
20 0.325 10.2943 0.240258
20 0.375 0 0
20 0.44 0 0
21 0.01 10.1557 0.187137
21 0.03 10.1616 0.0972569
21 0.05 10.1468 0.0791764
21 0.07 10.1399 0.0742164
21 0.09 10.1313 0.0678408
21 0.11 10.1225 0.0657432
21 0.13 10.1163 0.0573011
21 0.15 10.1098 0.0603331
21 0.17 10.1088 0.0549213
21 0.19 10.1025 0.0661725
21 0.225 10.1122 0.0610002
21 0.275 10.2032 0.239085
21 0.325 9.17228 0.247688
21 0.375 0 0
21 0.44 0 0
22 0.01 10.0788 0.161748
22 0.03 10.0792 0.0922421
22 0.05 10.0642 0.0843637
22 0.07 10.0479 0.0739235
22 0.09 10.0309 0.074269
22 0.11 10.0321 0.0603853
22 0.13 10.0288 0.064684
22 0.15 10.0299 0.0733082
22 0.17 10.0471 0.080222
22 0.19 10.0515 0.149641
22 0.225 9.96114 0.157875
22 0.275 10.1324 0.238115
22 0.325 0 0
22 0.375 0 0
22 0.44 10.2336 0.239485
23 0.01 10.2194 0.217841
23 0.03 10.237 0.0986067
23 0.05 10.2271 0.0781412
23 0.07 10.1969 0.0803395
23 0.09 10.1914 0.0727758
23 0.11 10.1991 0.0779527
23 0.13 10.321 0.149994
23 0.15 10.1675 0.208166
23 0.17 10.1073 0.181056
23 0.19 10.1866 0.0386444
23 0.225 10.3853 0.241358
23 0.275 0 0
23 0.325 0 0
23 0.375 0 0
23 0.44 0 0
