17 0.01 10.1761 0.195244
17 0.03 10.1805 0.0961698
17 0.05 10.1642 0.068531
17 0.07 10.1504 0.0579212
17 0.09 10.1437 0.0577204
17 0.11 10.1324 0.0523091
17 0.13 10.1202 0.0505756
17 0.15 10.1284 0.0518958
17 0.17 10.1371 0.0705748
17 0.19 10.1092 0.108014
17 0.225 10.2336 0.239485
17 0.275 10.1223 0.237972
17 0.325 0 0
17 0.375 0 0
17 0.44 0 0
18 0.01 10.3422 0.239749
18 0.03 10.3566 0.105554
18 0.05 10.3438 0.0804797
18 0.07 10.334 0.0728552
18 0.09 10.3281 0.0507088
18 0.11 10.3267 0.070841
18 0.13 10.3111 0.0581876
18 0.15 10.3006 0.165916
18 0.17 9.5114 0.406877
18 0.19 10.5875 0.243585
18 0.225 10.5168 0.242836
18 0.275 10.1425 0.238257
18 0.325 0 0
18 0.375 0 0
18 0.44 0 0
19 0.01 10.0757 0.214947
19 0.03 10.0998 0.0998067
19 0.05 10.088 0.0757268
19 0.07 10.0749 0.0668051
19 0.09 10.0672 0.0604676
19 0.11 10.0574 0.0585486
19 0.13 10.0725 0.0598821
19 0.15 10.0314 0.0972859
19 0.17 10.0511 0.0877838
19 0.19 10.095 0.0339645
19 0.225 10.3651 0.241119
19 0.275 0 0
19 0.325 10.0515 0.236936
19 0.375 0 0
19 0.44 0 0
20 0.01 10.182 0.221781
20 0.03 10.1984 0.103803
20 0.05 10.1938 0.0721039
20 0.07 10.1848 0.061636
20 0.09 10.1786 0.054105
20 0.11 10.171 0.0539634
20 0.13 10.1643 0.0546074
20 0.15 10.1648 0.0578746
20 0.17 10.1477 0.0416028
20 0.19 10.1625 0.144853
20 0.225 10.0919 0.237535
20 0.275 10.2235 0.239352
20 0.325 0 0
20 0.375 10.2235 0.239352
20 0.44 0 0
21 0.01 10.1461 0.215981
21 0.03 10.1601 0.0977058
21 0.05 10.1501 0.0690773
21 0.07 10.1389 0.0549043
21 0.09 10.1302 0.0519261
21 0.11 10.1197 0.0490493
21 0.13 10.1171 0.0480131
21 0.15 10.1118 0.0546545
21 0.17 10.1063 0.0742051
21 0.19 10.0634 0.0581793
21 0.225 10.0607 0.339103
21 0.275 0 0
21 0.325 10.2437 0.239616
21 0.375 0 0
21 0.44 0 0
22 0.01 10.0481 0.194441
22 0.03 10.0743 0.091107
22 0.05 10.061 0.070831
22 0.07 10.0445 0.0584383
22 0.09 10.0388 0.0546613
22 0.11 10.0263 0.0540807
22 0.13 10.0261 0.0579319
22 0.15 10.0154 0.0506302
22 0.17 10.0017 0.104353
22 0.19 10.1467 0.558822
22 0.225 9.93 0.0166718
22 0.275 10.0616 0.237088
22 0.325 0 0
22 0.375 9.72426 0.249111
22 0.44 0 0
23 0.01 10.1917 0.26279
23 0.03 10.2271 0.110825
23 0.05 10.22 0.0831229
23 0.07 10.2073 0.0766038
23 0.09 10.1952 0.0636979
23 0.11 10.1971 0.0689871
23 0.13 10.1787 0.0625794
23 0.15 10.1864 0.109406
23 0.17 10.178 0.0940726
23 0.19 10.1491 0.0931314
23 0.225 9.81425 0.249106
23 0.275 0 0
23 0.325 0 0
23 0.375 0 0
23 0.44 0 0
