17 0.01 10.2716 0.154929
17 0.03 10.2372 0.0737187
17 0.05 10.2054 0.0502605
17 0.07 10.1831 0.0393091
17 0.09 10.1666 0.0338973
17 0.11 10.1527 0.0323645
17 0.13 10.1454 0.0298417
17 0.15 10.1398 0.0267793
17 0.17 10.1328 0.0261349
17 0.19 10.1298 0.0255029
17 0.225 10.1234 0.0238445
17 0.275 10.1184 0.0232638
17 0.325 10.1181 0.0222201
17 0.375 10.1156 0.0237057
17 0.44 10.1186 0.0215627
18 0.01 10.4666 0.166192
18 0.03 10.4206 0.0847102
18 0.05 10.3828 0.0526014
18 0.07 10.3614 0.0439418
18 0.09 10.3455 0.0346964
18 0.11 10.3337 0.0330562
18 0.13 10.3284 0.0270108
18 0.15 10.3201 0.029501
18 0.17 10.3154 0.0257824
18 0.19 10.3103 0.0260041
18 0.225 10.308 0.0257275
18 0.275 10.3033 0.0234017
18 0.325 10.3026 0.0214538
18 0.375 10.304 0.021237
18 0.44 10.3079 0.0222057
19 0.01 10.1778 0.159172
19 0.03 10.1432 0.0789161
19 0.05 10.1168 0.0525511
19 0.07 10.0997 0.0399486
19 0.09 10.0848 0.0347106
19 0.11 10.0747 0.0293614
19 0.13 10.0693 0.0288499
19 0.15 10.0615 0.027426
19 0.17 10.057 0.0248467
19 0.19 10.0545 0.0270906
19 0.225 10.049 0.0244856
19 0.275 10.0454 0.0239747
19 0.325 10.0448 0.0229897
19 0.375 10.0461 0.0226963
19 0.44 10.049 0.0219248
20 0.01 10.2847 0.175629
20 0.03 10.2601 0.0861923
20 0.05 10.2319 0.0562189
20 0.07 10.214 0.0431127
20 0.09 10.1971 0.0360618
20 0.11 10.186 0.0323127
20 0.13 10.178 0.0306604
20 0.15 10.1732 0.027093
20 0.17 10.1673 0.0306885
20 0.19 10.1628 0.0233778
20 0.225 10.1597 0.0245212
20 0.275 10.1535 0.0243791
20 0.325 10.1533 0.0217909
20 0.375 10.1515 0.0219806
20 0.44 10.1566 0.0238798
21 0.01 10.2777 0.182656
21 0.03 10.2448 0.0886252
21 0.05 10.2068 0.0543673
21 0.07 10.1776 0.0436509
21 0.09 10.1607 0.0386891
21 0.11 10.1461 0.0339939
21 0.13 10.1392 0.0333141
21 0.15 10.1281 0.0259569
21 0.17 10.1245 0.0283253
21 0.19 10.1159 0.0258763
21 0.225 10.1117 0.0221618
21 0.275 10.1088 0.0210498
21 0.325 10.107 0.0213639
21 0.375 10.1082 0.0214981
21 0.44 10.1137 0.0196059
22 0.01 10.1765 0.16654
22 0.03 10.1496 0.0818951
22 0.05 10.1067 0.0526977
22 0.07 10.0857 0.0405634
22 0.09 10.0678 0.0342771
22 0.11 10.0531 0.0335494
22 0.13 10.0458 0.0273619
22 0.15 10.0414 0.0291375
22 0.17 10.0347 0.0276637
22 0.19 10.026 0.0275907
22 0.225 10.022 0.0224534
22 0.275 10.0174 0.0239013
22 0.325 10.0168 0.0234645
22 0.375 10.0099 0.0226431
22 0.44 10.0181 0.0206327
23 0.01 10.3158 0.173757
23 0.03 10.2921 0.0848415
23 0.05 10.2604 0.0546649
23 0.07 10.239 0.0435779
23 0.09 10.2224 0.0365625
23 0.11 10.2107 0.0334912
23 0.13 10.2044 0.0297058
23 0.15 10.1962 0.0319073
23 0.17 10.1912 0.0279183
23 0.19 10.1875 0.0264162
23 0.225 10.1849 0.0248401
23 0.275 10.1795 0.0237649
23 0.325 10.1763 0.0231267
23 0.375 10.1803 0.0248388
23 0.44 10.1817 0.0229354
