17 0.01 10.2681 0.124688
17 0.03 10.2398 0.0627024
17 0.05 10.2124 0.04837
17 0.07 10.1903 0.0385609
17 0.09 10.1725 0.0352725
17 0.11 10.1592 0.0329224
17 0.13 10.1491 0.031601
17 0.15 10.1418 0.0313676
17 0.17 10.135 0.0302669
17 0.19 10.1324 0.0292163
17 0.225 10.1257 0.0297265
17 0.275 10.1187 0.0303287
17 0.325 10.1169 0.0288387
17 0.375 10.1159 0.0293403
17 0.44 10.1192 0.0286646
18 0.01 10.449 0.174411
18 0.03 10.4175 0.0830773
18 0.05 10.3867 0.0565657
18 0.07 10.364 0.0450662
18 0.09 10.3451 0.04013
18 0.11 10.3347 0.0369262
18 0.13 10.3258 0.0362441
18 0.15 10.3195 0.0360525
18 0.17 10.3139 0.0348207
18 0.19 10.3127 0.0312139
18 0.225 10.3067 0.0333023
18 0.275 10.3031 0.0302879
18 0.325 10.3023 0.0315033
18 0.375 10.3025 0.0323148
18 0.44 10.3063 0.0330981
19 0.01 10.1689 0.126721
19 0.03 10.141 0.0669816
19 0.05 10.1167 0.0476026
19 0.07 10.0985 0.0386958
19 0.09 10.085 0.0352161
19 0.11 10.0746 0.0344224
19 0.13 10.0681 0.0339612
19 0.15 10.0616 0.030801
19 0.17 10.056 0.0298789
19 0.19 10.0507 0.0306065
19 0.225 10.049 0.0314039
19 0.275 10.044 0.0305507
19 0.325 10.0427 0.0292785
19 0.375 10.0429 0.0302515
19 0.44 10.0484 0.0322319
20 0.01 10.2962 0.139528
20 0.03 10.2666 0.0685353
20 0.05 10.2385 0.0484199
20 0.07 10.2164 0.0392318
20 0.09 10.2014 0.0356626
20 0.11 10.1872 0.0327443
20 0.13 10.1793 0.0339335
20 0.15 10.1718 0.0300461
20 0.17 10.1656 0.0299847
20 0.19 10.1629 0.0299709
20 0.225 10.1585 0.0289561
20 0.275 10.1545 0.0291691
20 0.325 10.1523 0.0297407
20 0.375 10.1509 0.029006
20 0.44 10.1542 0.0266464
21 0.01 10.2943 0.153431
21 0.03 10.2526 0.0728409
21 0.05 10.2111 0.0484557
21 0.07 10.1833 0.0421804
21 0.09 10.1637 0.0379506
21 0.11 10.149 0.0349648
21 0.13 10.1404 0.0341815
21 0.15 10.1318 0.0317715
21 0.17 10.1227 0.0290311
21 0.19 10.1198 0.0278631
21 0.225 10.1107 0.0323173
21 0.275 10.1097 0.027768
21 0.325 10.1051 0.02473
21 0.375 10.1068 0.0293091
21 0.44 10.1071 0.0247622
22 0.01 10.1855 0.130791
22 0.03 10.1558 0.0652248
22 0.05 10.1166 0.0448445
22 0.07 10.0927 0.0383892
22 0.09 10.074 0.036622
22 0.11 10.0602 0.0309336
22 0.13 10.0436 0.0263177
22 0.15 10.0388 0.0296373
22 0.17 10.0327 0.0264337
22 0.19 10.0259 0.0297064
22 0.225 10.0244 0.0263133
22 0.275 10.0164 0.0278608
22 0.325 10.0147 0.0301164
22 0.375 10.0119 0.0281882
22 0.44 10.0133 0.0302486
23 0.01 10.3155 0.147762
23 0.03 10.2957 0.076073
23 0.05 10.2667 0.0510602
23 0.07 10.2428 0.0423191
23 0.09 10.2261 0.03779
23 0.11 10.2162 0.0361466
23 0.13 10.2063 0.0327996
23 0.15 10.1988 0.0330204
23 0.17 10.194 0.0331924
23 0.19 10.1872 0.0372903
23 0.225 10.1833 0.0325726
23 0.275 10.1806 0.031074
23 0.325 10.1779 0.0320645
23 0.375 10.1792 0.0309061
23 0.44 10.182 0.0310617
