17 0.01 10.1964 0.18776
17 0.03 10.1947 0.0886557
17 0.05 10.172 0.0593377
17 0.07 10.1574 0.0485293
17 0.09 10.145 0.0423035
17 0.11 10.1361 0.0416203
17 0.13 10.1323 0.0428886
17 0.15 10.1251 0.0382218
17 0.17 10.1229 0.0415007
17 0.19 10.1213 0.0424685
17 0.225 10.1143 0.043921
17 0.275 10.1147 0.0440916
17 0.325 10.0976 0.165189
17 0.375 10.1122 0.237828
17 0.44 10.2437 0.239616
18 0.01 10.3733 0.212557
18 0.03 10.3703 0.0987344
18 0.05 10.3509 0.0712073
18 0.07 10.336 0.0547762
18 0.09 10.3243 0.0497387
18 0.11 10.3233 0.0469253
18 0.13 10.319 0.0475535
18 0.15 10.3105 0.0474848
18 0.17 10.3099 0.0444649
18 0.19 10.3001 0.0462974
18 0.225 10.3007 0.0360791
18 0.275 10.3244 0.0716998
18 0.325 10.446 0.242055
18 0.375 10.5067 0.242727
18 0.44 0 0
19 0.01 10.0932 0.227116
19 0.03 10.1104 0.0997018
19 0.05 10.0946 0.064836
19 0.07 10.0863 0.056765
19 0.09 10.0731 0.0480973
19 0.11 10.0604 0.0509533
19 0.13 10.0586 0.0430196
19 0.15 10.0525 0.0407122
19 0.17 10.0528 0.0407401
19 0.19 10.0532 0.0494651
19 0.225 10.0453 0.0428891
19 0.275 10.0604 0.107401
19 0.325 10.1324 0.238115
19 0.375 10.0515 0.236936
19 0.44 0 0
20 0.01 10.1939 0.226257
20 0.03 10.2095 0.100777
20 0.05 10.1987 0.0664983
20 0.07 10.1878 0.0518476
20 0.09 10.1772 0.0452687
20 0.11 10.174 0.0411522
20 0.13 10.1649 0.0397441
20 0.15 10.1611 0.0384657
20 0.17 10.1542 0.03794
20 0.19 10.156 0.0370755
20 0.225 10.1527 0.0395293
20 0.275 10.1454 0.0392944
20 0.325 10.9259 0.401006
20 0.375 10.0919 0.237535
20 0.44 0 0
21 0.01 10.1573 0.200228
21 0.03 10.1666 0.0950378
21 0.05 10.1507 0.0615349
21 0.07 10.1397 0.0518966
21 0.09 10.1306 0.0427541
21 0.11 10.1226 0.0388729
21 0.13 10.1168 0.0383791
21 0.15 10.1143 0.0357015
21 0.17 10.1095 0.0338698
21 0.19 10.107 0.0339344
21 0.225 10.1047 0.0367357
21 0.275 10.1015 0.0367774
21 0.325 10.1034 0.091535
21 0.375 10.1526 0.238398
21 0.44 10.2032 0.239085
22 0.01 10.0784 0.197449
22 0.03 10.0872 0.0941582
22 0.05 10.0664 0.0633076
22 0.07 10.0505 0.053013
22 0.09 10.0424 0.0479358
22 0.11 10.0333 0.0410859
22 0.13 10.0268 0.0400744
22 0.15 10.0233 0.0409609
22 0.17 10.0159 0.0354797
22 0.19 10.0149 0.0435177
22 0.225 10.0092 0.0409631
22 0.275 10.0178 0.0374524
22 0.325 10.1359 0.209012
22 0.375 10.183 0.238813
22 0.44 0 0
23 0.01 10.2358 0.237606
23 0.03 10.2431 0.0997672
23 0.05 10.2252 0.0651693
23 0.07 10.2091 0.0553156
23 0.09 10.2028 0.0549603
23 0.11 10.1969 0.0436955
23 0.13 10.1861 0.0493176
23 0.15 10.181 0.0445699
23 0.17 10.1839 0.0407673
23 0.19 10.1772 0.0451007
23 0.225 10.1753 0.0508252
23 0.275 10.7997 0.430925
23 0.325 9.89425 0.249103
23 0.375 0 0
23 0.44 9.89425 0.249103
