17 0.01 10.2411 0.160736
17 0.03 10.2112 0.0787429
17 0.05 10.185 0.0507475
17 0.07 10.1678 0.0424564
17 0.09 10.1533 0.0383886
17 0.11 10.1438 0.0319511
17 0.13 10.1354 0.0296734
17 0.15 10.1298 0.0295775
17 0.17 10.1255 0.0290567
17 0.19 10.1195 0.0250972
17 0.225 10.1171 0.026086
17 0.275 10.1144 0.0256987
17 0.325 10.1136 0.0256898
17 0.375 10.1133 0.0265006
17 0.44 10.1168 0.0277009
18 0.01 10.4324 0.18869
18 0.03 10.396 0.086784
18 0.05 10.3694 0.0579048
18 0.07 10.348 0.0476903
18 0.09 10.3368 0.0391852
18 0.11 10.3272 0.0348758
18 0.13 10.3193 0.0333367
18 0.15 10.316 0.0324769
18 0.17 10.3094 0.031116
18 0.19 10.3075 0.0280381
18 0.225 10.304 0.0275507
18 0.275 10.301 0.0293804
18 0.325 10.3012 0.0291629
18 0.375 10.3024 0.0310246
18 0.44 10.3068 0.0324595
19 0.01 10.1574 0.168738
19 0.03 10.1318 0.084669
19 0.05 10.106 0.0561534
19 0.07 10.0901 0.0453707
19 0.09 10.0772 0.0387612
19 0.11 10.0693 0.0337768
19 0.13 10.0622 0.0341275
19 0.15 10.0567 0.0295357
19 0.17 10.053 0.0300335
19 0.19 10.051 0.0275162
19 0.225 10.0473 0.0282399
19 0.275 10.0439 0.027635
19 0.325 10.0443 0.0277097
19 0.375 10.0444 0.0278681
19 0.44 10.0466 0.0302438
20 0.01 10.2543 0.194255
20 0.03 10.2412 0.0908104
20 0.05 10.2172 0.0584702
20 0.07 10.2003 0.0467895
20 0.09 10.1873 0.0404174
20 0.11 10.1789 0.0336274
20 0.13 10.172 0.0312622
20 0.15 10.167 0.032786
20 0.17 10.1639 0.0331949
20 0.19 10.1585 0.0316376
20 0.225 10.1548 0.0268412
20 0.275 10.1523 0.0276801
20 0.325 10.151 0.0243372
20 0.375 10.1523 0.0253149
20 0.44 10.1519 0.0271604
21 0.01 10.2264 0.188918
21 0.03 10.2092 0.0887737
21 0.05 10.1785 0.0566672
21 0.07 10.1591 0.0443015
21 0.09 10.1444 0.0411142
21 0.11 10.1345 0.0317854
21 0.13 10.1255 0.0291469
21 0.15 10.1221 0.0284589
21 0.17 10.1122 0.0261034
21 0.19 10.1096 0.0266227
21 0.225 10.1066 0.0265411
21 0.275 10.1039 0.0257306
21 0.325 10.1057 0.0253676
21 0.375 10.1034 0.0248747
21 0.44 10.1068 0.0244611
22 0.01 10.134 0.168632
22 0.03 10.1176 0.0854517
22 0.05 10.0875 0.0545823
22 0.07 10.0677 0.0437299
22 0.09 10.0495 0.038384
22 0.11 10.044 0.031914
22 0.13 10.0354 0.0341887
22 0.15 10.0264 0.0236008
22 0.17 10.0228 0.029298
22 0.19 10.0224 0.0258674
22 0.225 10.0131 0.0264084
22 0.275 10.0129 0.0251416
22 0.325 10.013 0.0238844
22 0.375 10.0106 0.0274896
22 0.44 10.0121 0.0242708
23 0.01 10.2819 0.210558
23 0.03 10.2638 0.093901
23 0.05 10.2405 0.0585921
23 0.07 10.2236 0.0465818
23 0.09 10.2112 0.0429605
23 0.11 10.1995 0.0349312
23 0.13 10.194 0.0342496
23 0.15 10.1884 0.0333142
23 0.17 10.1821 0.035371
23 0.19 10.1772 0.0249151
23 0.225 10.1786 0.0284858
23 0.275 10.1779 0.0284718
23 0.325 10.176 0.0278308
23 0.375 10.1763 0.0306563
23 0.44 10.178 0.0317056
