17 0.01 10.2558 0.151848
17 0.03 10.224 0.0766015
17 0.05 10.1934 0.0498587
17 0.07 10.1755 0.0397998
17 0.09 10.1595 0.0334476
17 0.11 10.149 0.0320043
17 0.13 10.1419 0.0333635
17 0.15 10.1336 0.0296009
17 0.17 10.127 0.0279402
17 0.19 10.125 0.0257535
17 0.225 10.1202 0.0244864
17 0.275 10.1154 0.0235945
17 0.325 10.1155 0.0247928
17 0.375 10.1147 0.023963
17 0.44 10.1174 0.0227349
18 0.01 10.4525 0.174061
18 0.03 10.4123 0.0869671
18 0.05 10.3775 0.0559669
18 0.07 10.3572 0.0434383
18 0.09 10.3434 0.0361447
18 0.11 10.3325 0.0325584
18 0.13 10.3255 0.0316074
18 0.15 10.3159 0.0284012
18 0.17 10.3117 0.0272976
18 0.19 10.3095 0.0287323
18 0.225 10.3057 0.0249479
18 0.275 10.3023 0.0251087
18 0.325 10.3033 0.0270104
18 0.375 10.3038 0.0229685
18 0.44 10.308 0.0229612
19 0.01 10.1742 0.164586
19 0.03 10.1419 0.0808945
19 0.05 10.1152 0.0543602
19 0.07 10.0956 0.0429056
19 0.09 10.0824 0.0365216
19 0.11 10.0739 0.032317
19 0.13 10.0662 0.0281819
19 0.15 10.0571 0.0299925
19 0.17 10.0553 0.0277717
19 0.19 10.0529 0.0281031
19 0.225 10.0473 0.0248532
19 0.275 10.0453 0.0248962
19 0.325 10.0433 0.0231194
19 0.375 10.0441 0.0240553
19 0.44 10.0479 0.0238652
20 0.01 10.2741 0.18304
20 0.03 10.2541 0.0903764
20 0.05 10.2246 0.0592315
20 0.07 10.2081 0.0453321
20 0.09 10.1935 0.036382
20 0.11 10.185 0.0352449
20 0.13 10.1764 0.0341903
20 0.15 10.1707 0.0280508
20 0.17 10.1644 0.0283015
20 0.19 10.1608 0.0265078
20 0.225 10.1585 0.025252
20 0.275 10.1527 0.0241031
20 0.325 10.1516 0.0228042
20 0.375 10.1516 0.021914
20 0.44 10.1544 0.0221964
21 0.01 10.2558 0.184588
21 0.03 10.2302 0.0882351
21 0.05 10.19 0.0546655
21 0.07 10.169 0.0440455
21 0.09 10.155 0.0369497
21 0.11 10.1454 0.0335668
21 0.13 10.1322 0.030249
21 0.15 10.124 0.0289205
21 0.17 10.1257 0.0270614
21 0.19 10.1173 0.0297101
21 0.225 10.1066 0.028135
21 0.275 10.1085 0.0171219
21 0.325 10.1062 0.0226458
21 0.375 10.107 0.0235939
21 0.44 10.1095 0.020778
22 0.01 10.1563 0.159874
22 0.03 10.134 0.0842843
22 0.05 10.1008 0.0538194
22 0.07 10.0778 0.0439579
22 0.09 10.0637 0.0380939
22 0.11 10.0501 0.035869
22 0.13 10.0406 0.0338299
22 0.15 10.0378 0.0270772
22 0.17 10.026 0.0282446
22 0.19 10.0288 0.0295845
22 0.225 10.0182 0.022607
22 0.275 10.0154 0.0215966
22 0.325 10.0142 0.023759
22 0.375 10.0095 0.0214764
22 0.44 10.016 0.0209945
23 0.01 10.3006 0.192287
23 0.03 10.2812 0.0923313
23 0.05 10.2498 0.0593745
23 0.07 10.2315 0.0456936
23 0.09 10.2177 0.0397485
23 0.11 10.2077 0.0328332
23 0.13 10.2003 0.030816
23 0.15 10.1932 0.0318289
23 0.17 10.1885 0.0308379
23 0.19 10.184 0.030127
23 0.225 10.1817 0.0251695
23 0.275 10.178 0.0230848
23 0.325 10.1741 0.0259361
23 0.375 10.1784 0.0227105
23 0.44 10.1819 0.0274915
