17 0.01 10.1637 0.217474
17 0.03 10.1698 0.10838
17 0.05 10.1585 0.0824774
17 0.07 10.1405 0.078456
17 0.09 10.145 0.0919241
17 0.11 10.1258 0.116276
17 0.13 10.0315 0.337031
17 0.15 10.3347 0.240755
17 0.17 0 0
17 0.19 0 0
17 0.225 0 0
17 0.275 0 0
17 0.325 0 0
17 0.375 0 0
17 0.44 0 0
18 0.01 10.3158 0.270564
18 0.03 10.3505 0.109868
18 0.05 10.3407 0.0821141
18 0.07 10.3465 0.0801356
18 0.09 10.3235 0.112522
18 0.11 10.3862 0.216951
18 0.13 10.4561 0.242169
18 0.15 9.17228 0.247688
18 0.17 0 0
18 0.19 0 0
18 0.225 0 0
18 0.275 0 0
18 0.325 0 0
18 0.375 0 0
18 0.44 0 0
19 0.01 10.0781 0.265489
19 0.03 10.0964 0.11945
19 0.05 10.0923 0.0868673
19 0.07 10.081 0.0723194
19 0.09 10.0635 0.0938011
19 0.11 10.0197 0.225858
19 0.13 10.0619 0.0199229
19 0.15 9.17228 0.247688
19 0.17 9.17231 0.247642
19 0.19 0 0
19 0.225 0 0
19 0.275 0 0
19 0.325 0 0
19 0.375 0 0
19 0.44 0 0
20 0.01 10.1905 0.270128
20 0.03 10.1982 0.116049
20 0.05 10.1916 0.0771352
20 0.07 10.1874 0.072909
20 0.09 10.1559 0.0504354
20 0.11 10.1802 0.11837
20 0.13 10.9326 0.233214
20 0.15 0 0
20 0.17 10.3044 0.240384
20 0.19 0 0
20 0.225 0 0
20 0.275 0 0
20 0.325 0 0
20 0.375 0 0
20 0.44 0 0
21 0.01 10.1394 0.234727
21 0.03 10.1545 0.100168
21 0.05 10.1492 0.0769393
21 0.07 10.1339 0.0743505
21 0.09 10.128 0.0573381
21 0.11 10.1127 0.101774
21 0.13 9.09633 0.545409
21 0.15 10.1526 0.238398
21 0.17 0 0
21 0.19 0 0
21 0.225 0 0
21 0.275 0 0
21 0.325 0 0
21 0.375 0 0
21 0.44 0 0
22 0.01 10.0508 0.213869
22 0.03 10.0675 0.0971768
22 0.05 10.054 0.0821197
22 0.07 10.0393 0.0652644
22 0.09 10.0411 0.0579431
22 0.11 10.0479 0.0889856
22 0.13 10.0244 0.15093
22 0.15 10.2437 0.239616
22 0.17 10.0616 0.237088
22 0.19 0 0
22 0.225 0 0
22 0.275 0 0
22 0.325 0 0
22 0.375 0 0
22 0.44 0 0
23 0.01 10.1809 0.233126
23 0.03 10.2286 0.11369
23 0.05 10.2111 0.0932486
23 0.07 10.2079 0.0820625
23 0.09 10.1851 0.072672
23 0.11 10.2036 0.194164
23 0.13 10.085 0.0222291
23 0.15 10.3044 0.240384
23 0.17 0 0
23 0.19 0 0
23 0.225 0 0
23 0.275 0 0
23 0.325 0 0
23 0.375 0 0
23 0.44 0 0
