17 0.05 10.1246 0.0322601
17 0.1 10.1193 0.0281285
17 0.15 10.1163 0.0264892
17 0.2 10.1152 0.0261468
17 0.25 10.1146 0.026121
18 0.05 10.3195 0.0384336
18 0.1 10.3088 0.0317337
18 0.15 10.3044 0.0299134
18 0.2 10.3026 0.0294311
18 0.25 10.302 0.0301272
19 0.05 10.059 0.0359257
19 0.1 10.0507 0.0302955
19 0.15 10.047 0.0286339
19 0.2 10.0455 0.0281213
19 0.25 10.0448 0.0280155
20 0.05 10.1679 0.0366067
20 0.1 10.1587 0.029856
20 0.15 10.1543 0.027229
20 0.2 10.1524 0.0261474
20 0.25 10.1518 0.0259321
21 0.05 10.1265 0.0368225
21 0.1 10.1127 0.0290806
21 0.15 10.1076 0.0263172
21 0.2 10.1052 0.02543
21 0.25 10.105 0.0249429
22 0.05 10.0379 0.0407343
22 0.1 10.0209 0.0295453
22 0.15 10.015 0.0262557
22 0.2 10.0128 0.0258067
22 0.25 10.0121 0.0253781
23 0.05 10.1954 0.039086
23 0.1 10.1841 0.0328408
23 0.15 10.1787 0.0293211
23 0.2 10.1776 0.0288518
23 0.25 10.1771 0.0290362
