17 0.05 10.1493 0.080866
17 0.1 10.0918 0.135439
17 0.15 0 0
17 0.2 0 0
17 0.25 0 0
18 0.05 10.338 0.0778773
18 0.1 10.3096 0.133465
18 0.15 9.17228 0.247688
18 0.2 0 0
18 0.25 0 0
19 0.05 10.0809 0.083219
19 0.1 10.0079 0.172538
19 0.15 9.17231 0.247642
19 0.2 0 0
19 0.25 0 0
20 0.05 10.1816 0.0733698
20 0.1 10.1691 0.0751152
20 0.15 10.3044 0.240384
20 0.2 0 0
20 0.25 0 0
21 0.05 10.1346 0.072489
21 0.1 10.1282 0.0885632
21 0.15 10.1526 0.238398
21 0.2 0 0
21 0.25 0 0
22 0.05 10.0424 0.0695735
22 0.1 10.0363 0.120742
22 0.15 10.0616 0.237088
22 0.2 0 0
22 0.25 0 0
23 0.05 10.2022 0.0803889
23 0.1 10.1788 0.150143
23 0.15 10.3044 0.240384
23 0.2 0 0
23 0.25 0 0
