17 0.05 10.1265 0.0299717
17 0.1 10.1214 0.0267769
17 0.15 10.1182 0.0242793
17 0.2 10.1167 0.0234303
17 0.25 10.1161 0.0232219
18 0.05 10.3216 0.0346306
18 0.1 10.3111 0.0275866
18 0.15 10.3066 0.0255516
18 0.2 10.3049 0.0246798
18 0.25 10.3047 0.0245329
19 0.05 10.061 0.0329273
19 0.1 10.0519 0.0282558
19 0.15 10.0475 0.0252219
19 0.2 10.046 0.0243251
19 0.25 10.0456 0.0240134
20 0.05 10.1746 0.0367208
20 0.1 10.1611 0.0280146
20 0.15 10.1559 0.025007
20 0.2 10.1542 0.0234422
20 0.25 10.1531 0.0226331
21 0.05 10.1402 0.039458
21 0.1 10.1201 0.0299407
21 0.15 10.1106 0.0240076
21 0.2 10.1077 0.0220342
21 0.25 10.1073 0.0208285
22 0.05 10.0489 0.040754
22 0.1 10.0264 0.0297733
22 0.15 10.0183 0.0256578
22 0.2 10.0155 0.0239164
22 0.25 10.0141 0.0232838
23 0.05 10.2017 0.0387317
23 0.1 10.1876 0.0300083
23 0.15 10.1811 0.0260827
23 0.2 10.1792 0.0252736
23 0.25 10.1784 0.0252025
