17 0.05 10.1349 0.0314569
17 0.1 10.1265 0.0273489
17 0.15 10.1218 0.0242326
17 0.2 10.1192 0.0228306
17 0.25 10.1178 0.0231189
18 0.05 10.3204 0.0320896
18 0.1 10.312 0.027413
18 0.15 10.3074 0.0238881
18 0.2 10.3057 0.0228595
18 0.25 10.3052 0.0222528
19 0.05 10.0645 0.032237
19 0.1 10.0548 0.0273667
19 0.15 10.0495 0.0241058
19 0.2 10.0473 0.0232847
19 0.25 10.0468 0.0229859
20 0.05 10.1824 0.0388298
20 0.1 10.1667 0.029641
20 0.15 10.1584 0.0251215
20 0.2 10.1556 0.0242317
20 0.25 10.154 0.0234248
21 0.05 10.1437 0.040278
21 0.1 10.122 0.0290781
21 0.15 10.1131 0.0247122
21 0.2 10.1106 0.0215376
21 0.25 10.1103 0.0208936
22 0.05 10.0598 0.0429103
22 0.1 10.0337 0.0297668
22 0.15 10.023 0.02589
22 0.2 10.0185 0.022925
22 0.25 10.0165 0.0222879
23 0.05 10.21 0.0383908
23 0.1 10.1927 0.0307162
23 0.15 10.184 0.0265009
23 0.2 10.1812 0.0244985
23 0.25 10.1799 0.0241211
