17 0.05 10.1412 0.0340878
17 0.1 10.1303 0.0272682
17 0.15 10.1247 0.024197
17 0.2 10.122 0.0237585
17 0.25 10.1202 0.0229197
18 0.05 10.3223 0.0314379
18 0.1 10.314 0.0267899
18 0.15 10.3096 0.0244297
18 0.2 10.3075 0.0228953
18 0.25 10.3072 0.0226115
19 0.05 10.0672 0.0321361
19 0.1 10.0572 0.0272549
19 0.15 10.0516 0.023681
19 0.2 10.0486 0.0231824
19 0.25 10.0481 0.0221844
20 0.05 10.1763 0.0354961
20 0.1 10.1648 0.029071
20 0.15 10.1589 0.0245294
20 0.2 10.1557 0.0230125
20 0.25 10.1544 0.0217091
21 0.05 10.1364 0.0381488
21 0.1 10.1213 0.0293736
21 0.15 10.1139 0.0253111
21 0.2 10.1119 0.0223301
21 0.25 10.1109 0.0239755
22 0.05 10.0577 0.0414354
22 0.1 10.0348 0.0291837
22 0.15 10.0252 0.0252448
22 0.2 10.0217 0.0215422
22 0.25 10.0187 0.0222932
23 0.05 10.2141 0.038866
23 0.1 10.1948 0.0277533
23 0.15 10.1883 0.0248412
23 0.2 10.1852 0.0239408
23 0.25 10.1841 0.0241781
