17 0.05 10.1418 0.0605506
17 0.1 10.1291 0.0573366
17 0.15 10.1185 0.0500806
17 0.2 10.1075 0.0345563
17 0.25 10.1223 0.237972
18 0.05 10.3279 0.0675125
18 0.1 10.322 0.0623823
18 0.15 10.3168 0.0909498
18 0.2 10.1425 0.238257
18 0.25 10.1425 0.238257
19 0.05 10.0713 0.0684376
19 0.1 10.0605 0.0558343
19 0.15 10.0555 0.0874491
19 0.2 9.96825 0.694366
19 0.25 10.0515 0.236936
20 0.05 10.1771 0.0596911
20 0.1 10.1673 0.0563582
20 0.15 10.1547 0.0594414
20 0.2 9.07926 0.626438
20 0.25 10.2235 0.239352
21 0.05 10.1288 0.0547921
21 0.1 10.1185 0.051415
21 0.15 10.1082 0.0543404
21 0.2 9.52377 0.286117
21 0.25 10.2437 0.239616
22 0.05 10.0399 0.0628249
22 0.1 10.0265 0.0583221
22 0.15 10.0142 0.0707073
22 0.2 10.4403 0.438783
22 0.25 9.72426 0.249111
23 0.05 10.2002 0.0727039
23 0.1 10.189 0.066172
23 0.15 10.1783 0.0954692
23 0.2 9.81425 0.249106
23 0.25 0 0
