17 0.05 10.1368 0.0474823
17 0.1 10.1258 0.0433519
17 0.15 10.1201 0.0427245
17 0.2 10.115 0.0440891
17 0.25 10.1121 0.0442759
18 0.05 10.3219 0.0538169
18 0.1 10.3116 0.0463551
18 0.15 10.3044 0.0449241
18 0.2 10.3037 0.0379222
18 0.25 10.3277 0.057003
19 0.05 10.0653 0.0508816
19 0.1 10.0552 0.0465907
19 0.15 10.0481 0.0441932
19 0.2 10.0429 0.0436765
19 0.25 10.0427 0.0859963
20 0.05 10.1695 0.0462799
20 0.1 10.1613 0.0405613
20 0.15 10.1549 0.0381708
20 0.2 10.1514 0.0396661
20 0.25 10.1481 0.0411787
21 0.05 10.1211 0.0429373
21 0.1 10.1136 0.0377587
21 0.15 10.1083 0.0360323
21 0.2 10.1046 0.037324
21 0.25 10.1021 0.0387821
22 0.05 10.0323 0.0475494
22 0.1 10.0221 0.0418279
22 0.15 10.0156 0.0405419
22 0.2 10.0112 0.0412612
22 0.25 10.014 0.040492
23 0.05 10.1951 0.0529032
23 0.1 10.1868 0.0497242
23 0.15 10.1787 0.0470203
23 0.2 10.1762 0.0511439
23 0.25 10.2207 0.145838
