17 0.05 10.1239 0.0302508
17 0.1 10.1194 0.0275433
17 0.15 10.117 0.0266677
17 0.2 10.1157 0.0260493
17 0.25 10.1153 0.0261911
18 0.05 10.3204 0.0398782
18 0.1 10.3085 0.0319547
18 0.15 10.305 0.0292453
18 0.2 10.3027 0.0294268
18 0.25 10.3019 0.0295187
19 0.05 10.0589 0.0360379
19 0.1 10.0511 0.0308739
19 0.15 10.0476 0.0294325
19 0.2 10.0459 0.0280572
19 0.25 10.0448 0.0271889
20 0.05 10.1696 0.0354682
20 0.1 10.1588 0.0307673
20 0.15 10.1543 0.0272343
20 0.2 10.1524 0.0252938
20 0.25 10.1519 0.0251909
21 0.05 10.1247 0.0353716
21 0.1 10.1145 0.0312737
21 0.15 10.1094 0.0286142
21 0.2 10.1061 0.0276519
21 0.25 10.1068 0.0272943
22 0.05 10.0333 0.0348063
22 0.1 10.0196 0.0275813
22 0.15 10.0153 0.0240781
22 0.2 10.0134 0.024056
22 0.25 10.0136 0.0242987
23 0.05 10.195 0.0404961
23 0.1 10.1843 0.0330258
23 0.15 10.18 0.0309043
23 0.2 10.1789 0.0288822
23 0.25 10.1801 0.0294814
